coding/cr2370/ctd/cr2370/c1-1.txt
* Sea-Bird SBE 9 Data File:
* FileName = D:\ctddata\cr2370\C1-1.hex
* Software Version Seasave V 7.20g
* Temperature SN = 6284
* Conductivity SN = 4751
* Number of Bytes Per Scan = 34
* Number of Voltage Words = 5
* Number of Scans Averaged by the Deck Unit = 1
* NMEA Latitude = 25 09.96 N
* NMEA Longitude = 121 47.31 E
* NMEA UTC (Time) = Jun 06 2019  00:44:18
** Ship: OR2
** Station: C1-1
** Operator: CR2370
** 63
** 55
# nquan = 9
# nvalues = 4458                                  
# units = specified
# name 0 = timeS: Time, Elapsed [seconds]
# name 1 = longitude: Longitude [deg]
# name 2 = latitude: Latitude [deg]
# name 3 = prDM: Pressure, Digiquartz [db]
# name 4 = depSM: Depth [salt water, m]
# name 5 = t090C: Temperature [ITS-90, deg C]
# name 6 = sal00: Salinity, Practical [PSU]
# name 7 = timeJ: Julian Days
# name 8 = flag:  0.000e+00
# span 0 =      0.000,    185.708                 
# span 1 =  121.78824,  121.78854                 
# span 2 =   25.16614,   25.16656                 
# span 3 =      1.077,     55.404                 
# span 4 =      1.070,     55.040                 
# span 5 =    24.9167,    26.1210                 
# span 6 =    33.6359,    34.1302                 
# span 7 = 157.030764, 157.032913                 
# span 8 = 0.0000e+00, 0.0000e+00                 
# interval = seconds: 0.0416667
# start_time = Jun 06 2019 00:44:18 [NMEA time, header]
# bad_flag = -9.990e-29
*END*
[from data line 481]
     20.042  121.78848   25.16614      1.128      1.121    26.0938    34.0632 157.030996  0.000e+00
     20.083  121.78848   25.16614      1.165      1.157    26.0942    34.0628 157.030996  0.000e+00
     20.125  121.78848   25.16614      1.165      1.157    26.0947    34.0635 157.030997  0.000e+00
     20.167  121.78848   25.16614      1.128      1.121    26.0953    34.0628 157.030997  0.000e+00
     20.208  121.78848   25.16614      1.165      1.157    26.0950    34.0637 157.030998  0.000e+00
     20.250  121.78848   25.16614      1.077      1.070    26.0940    34.0631 157.030998  0.000e+00
     20.292  121.78848   25.16614      1.165      1.157    26.0938    34.0636 157.030999  0.000e+00
     20.333  121.78848   25.16614      1.187      1.179    26.0938    34.0628 157.030999  0.000e+00
     20.375  121.78848   25.16614      1.106      1.099    26.0938    34.0631 157.031000  0.000e+00
     20.417  121.78848   25.16614      1.165      1.157    26.0918    34.0626 157.031000  0.000e+00
     20.458  121.78848   25.16614      1.128      1.121    26.0912    34.0629 157.031001  0.000e+00
     20.500  121.78848   25.16614      1.165      1.157    26.0895    34.0623 157.031001  0.000e+00
     20.542  121.78848   25.16614      1.128      1.121    26.0881    34.0638 157.031002  0.000e+00
     20.583  121.78848   25.16614      1.165      1.157    26.0870    34.0635 157.031002  0.000e+00
     20.625  121.78848   25.16614      1.106      1.099    26.0863    34.0637 157.031003  0.000e+00
     20.667  121.78848   25.16614      1.187      1.179    26.0861    34.0630 157.031003  0.000e+00
     20.708  121.78848   25.16614      1.106      1.099    26.0879    34.0625 157.031004  0.000e+00
     20.750  121.78848   25.16614      1.187      1.179    26.0902    34.0626 157.031004  0.000e+00
     20.792  121.78848   25.16614      1.165      1.157    26.0911    34.0627 157.031005  0.000e+00
     20.833  121.78848   25.16614      1.186      1.179    26.0893    34.0624 157.031005  0.000e+00
     20.875  121.78848   25.16614      1.165      1.157    26.0877    34.0628 157.031005  0.000e+00
     20.917  121.78848   25.16614      1.165      1.157    26.0872    34.0627 157.031006  0.000e+00
     20.958  121.78848   25.16614      1.238      1.230    26.0868    34.0625 157.031006  0.000e+00
     21.000  121.78848   25.16614      1.165      1.157    26.0863    34.0632 157.031007  0.000e+00
     21.042  121.78848   25.16614      1.186      1.179    26.0872    34.0623 157.031007  0.000e+00
     21.083  121.78848   25.16614      1.216      1.208    26.0884    34.0625 157.031008  0.000e+00
     21.125  121.78848   25.16614      1.186      1.179    26.0901    34.0623 157.031008  0.000e+00
     21.167  121.78848   25.16614      1.216      1.208    26.0911    34.0628 157.031009  0.000e+00
     21.208  121.78848   25.16614      1.216      1.208    26.0893    34.0629 157.031009  0.000e+00
     21.250  121.78848   25.16614      1.238      1.230    26.0852    34.0636 157.031010  0.000e+00
     21.292  121.78848   25.16614      1.216      1.208    26.0801    34.0635 157.031010  0.000e+00
     21.333  121.78848   25.16614      1.237      1.230    26.0780    34.0639 157.031011  0.000e+00
     21.375  121.78848   25.16614      1.274      1.266    26.0775    34.0632 157.031011  0.000e+00
     21.417  121.78848   25.16614      1.216      1.208    26.0757    34.0645 157.031012  0.000e+00
     21.458  121.78848   25.16614      1.237      1.229    26.0726    34.0646 157.031012  0.000e+00
     21.500  121.78848   25.16614      1.216      1.208    26.0738    34.0643 157.031013  0.000e+00
     21.542  121.78848   25.16614      1.347      1.338    26.0744    34.0641 157.031013  0.000e+00
     21.583  121.78848   25.16614      1.216      1.208    26.0733    34.0644 157.031014  0.000e+00
     21.625  121.78848   25.16614      1.289      1.280    26.0728    34.0632 157.031014  0.000e+00
     21.667  121.78848   25.16614      1.274      1.266    26.0721    34.0629 157.031015  0.000e+00
     21.708  121.78848   25.16614      1.274      1.266    26.0710    34.0635 157.031015  0.000e+00
     21.750  121.78848   25.16614      1.289      1.280    26.0706    34.0629 157.031016  0.000e+00
     21.792  121.78848   25.16614      1.274      1.266    26.0706    34.0634 157.031016  0.000e+00
     21.833  121.78848   25.16614      1.288      1.280    26.0706    34.0625 157.031017  0.000e+00
     21.875  121.78848   25.16614      1.274      1.266    26.0708    34.0633 157.031017  0.000e+00
     21.917  121.78848   25.16614      1.325      1.316    26.0710    34.0625 157.031018  0.000e+00
     21.958  121.78848   25.16614      1.288      1.280    26.0722    34.0626 157.031018  0.000e+00
     22.000  121.78848   25.16614      1.274      1.266    26.0724    34.0625 157.031019  0.000e+00
     22.042  121.78848   25.16614      1.288      1.280    26.0726    34.0624 157.031019  0.000e+00
     22.083  121.78848   25.16614      1.325      1.316    26.0722    34.0625 157.031019  0.000e+00
     22.125  121.78848   25.16614      1.288      1.280    26.0719    34.0622 157.031020  0.000e+00
     22.167  121.78848   25.16614      1.274      1.266    26.0719    34.0627 157.031020  0.000e+00
     22.208  121.78848   25.16614      1.325      1.316    26.0717    34.0622 157.031021  0.000e+00
     22.250  121.78848   25.16614      1.347      1.338    26.0721    34.0633 157.031021  0.000e+00
     22.292  121.78848   25.16614      1.274      1.266    26.0721    34.0625 157.031022  0.000e+00
     22.333  121.78848   25.16614      1.347      1.338    26.0721    34.0629 157.031022  0.000e+00
     22.375  121.78848   25.16614      1.274      1.266    26.0719    34.0623 157.031023  0.000e+00
     22.417  121.78848   25.16614      1.325      1.316    26.0711    34.0625 157.031023  0.000e+00
     22.458  121.78848   25.16614      1.288      1.280    26.0710    34.0625 157.031024  0.000e+00
     22.500  121.78848   25.16614      1.325      1.316    26.0717    34.0616 157.031024  0.000e+00
     22.542  121.78848   25.16614      1.347      1.338    26.0728    34.0621 157.031025  0.000e+00
     22.583  121.78848   25.16614      1.274      1.265    26.0731    34.0613 157.031025  0.000e+00
     22.625  121.78848   25.16614      1.288      1.280    26.0735    34.0622 157.031026  0.000e+00
     22.667  121.78848   25.16614      1.325      1.316    26.0735    34.0614 157.031026  0.000e+00
     22.708  121.78848   25.16614      1.274      1.265    26.0738    34.0620 157.031027  0.000e+00
     22.750  121.78848   25.16614      1.347      1.338    26.0738    34.0616 157.031027  0.000e+00
     22.792  121.78848   25.16614      1.274      1.265    26.0741    34.0618 157.031028  0.000e+00
     22.833  121.78848   25.16614      1.347      1.338    26.0740    34.0616 157.031028  0.000e+00
     22.875  121.78848   25.16614      1.274      1.265    26.0742    34.0612 157.031029  0.000e+00
     22.917  121.78848   25.16614      1.274      1.265    26.0746    34.0613 157.031029  0.000e+00
     22.958  121.78848   25.16614      1.288      1.280    26.0749    34.0611 157.031030  0.000e+00
     23.000  121.78848   25.16614      1.325      1.316    26.0753    34.0622 157.031030  0.000e+00
     23.042  121.78848   25.16614      1.288      1.280    26.0755    34.0609 157.031031  0.000e+00
     23.083  121.78848   25.16614      1.274      1.265    26.0759    34.0617 157.031031  0.000e+00
     23.125  121.78848   25.16614      1.288      1.280    26.0755    34.0612 157.031032  0.000e+00
     23.167  121.78848   25.16614      1.274      1.265    26.0757    34.0615 157.031032  0.000e+00
     23.208  121.78848   25.16614      1.274      1.265    26.0751    34.0615 157.031033  0.000e+00
     23.250  121.78848   25.16614      1.347      1.338    26.0751    34.0615 157.031033  0.000e+00
     23.292  121.78848   25.16614      1.325      1.316    26.0752    34.0613 157.031033  0.000e+00
     23.333  121.78848   25.16614      1.237      1.229    26.0749    34.0612 157.031034  0.000e+00
     23.375  121.78848   25.16614      1.274      1.265    26.0749    34.0620 157.031034  0.000e+00
     23.417  121.78848   25.16614      1.325      1.316    26.0749    34.0614 157.031035  0.000e+00
     23.458  121.78848   25.16614      1.288      1.280    26.0749    34.0620 157.031035  0.000e+00
     23.500  121.78848   25.16614      1.273      1.265    26.0749    34.0614 157.031036  0.000e+00
     23.542  121.78848   25.16614      1.288      1.280    26.0749    34.0623 157.031036  0.000e+00
     23.583  121.78848   25.16614      1.273      1.265    26.0750    34.0615 157.031037  0.000e+00
     23.625  121.78848   25.16614      1.346      1.338    26.0751    34.0616 157.031037  0.000e+00
     23.667  121.78848   25.16614      1.215      1.207    26.0751    34.0620 157.031038  0.000e+00
     23.708  121.78848   25.16614      1.325      1.316    26.0751    34.0614 157.031038  0.000e+00
     23.750  121.78848   25.16614      1.346      1.338    26.0751    34.0618 157.031039  0.000e+00
     23.792  121.78848   25.16614      1.215      1.207    26.0749    34.0611 157.031039  0.000e+00
     23.833  121.78848   25.16614      1.346      1.338    26.0750    34.0618 157.031040  0.000e+00
     23.875  121.78848   25.16614      1.273      1.265    26.0751    34.0608 157.031040  0.000e+00
     23.917  121.78848   25.16614      1.273      1.265    26.0749    34.0624 157.031041  0.000e+00
     23.958  121.78848   25.16614      1.288      1.280    26.0749    34.0616 157.031041  0.000e+00
     24.000  121.78848   25.16614      1.324      1.316    26.0757    34.0620 157.031042  0.000e+00
     24.042  121.78848   25.16614      1.288      1.280    26.0762    34.0616 157.031042  0.000e+00
     24.083  121.78848   25.16614      1.273      1.265    26.0767    34.0619 157.031043  0.000e+00
     24.125  121.78848   25.16614      1.288      1.280    26.0769    34.0620 157.031043  0.000e+00
     24.167  121.78848   25.16614      1.273      1.265    26.0769    34.0618 157.031044  0.000e+00
     24.208  121.78848   25.16614      1.324      1.316    26.0769    34.0619 157.031044  0.000e+00
     24.250  121.78848   25.16614      1.237      1.229    26.0767    34.0610 157.031045  0.000e+00
     24.292  121.78848   25.16614      1.324      1.316    26.0767    34.0618 157.031045  0.000e+00
     24.333  121.78848   25.16614      1.346      1.338    26.0771    34.0606 157.031046  0.000e+00
     24.375  121.78848   25.16614      1.273      1.265    26.0774    34.0615 157.031046  0.000e+00
     24.417  121.78848   25.16614      1.273      1.265    26.0773    34.0611 157.031046  0.000e+00
     24.458  121.78848   25.16614      1.346      1.338    26.0771    34.0617 157.031047  0.000e+00
     24.500  121.78848   25.16614      1.273      1.265    26.0765    34.0615 157.031047  0.000e+00
     24.542  121.78848   25.16614      1.288      1.280    26.0757    34.0618 157.031048  0.000e+00
     24.583  121.78848   25.16614      1.273      1.265    26.0746    34.0615 157.031048  0.000e+00
     24.625  121.78848   25.16614      1.288      1.280    26.0735    34.0618 157.031049  0.000e+00
     24.667  121.78848   25.16614      1.273      1.265    26.0733    34.0613 157.031049  0.000e+00
     24.708  121.78848   25.16614      1.273      1.265    26.0730    34.0612 157.031050  0.000e+00
     24.750  121.78848   25.16614      1.288      1.279    26.0728    34.0621 157.031050  0.000e+00
     24.792  121.78848   25.16614      1.273      1.265    26.0724    34.0610 157.031051  0.000e+00
     24.833  121.78848   25.16614      1.288      1.279    26.0724    34.0621 157.031051  0.000e+00
     24.875  121.78848   25.16614      1.273      1.265    26.0721    34.0615 157.031052  0.000e+00
     24.917  121.78848   25.16614      1.273      1.265    26.0719    34.0620 157.031052  0.000e+00
     24.958  121.78848   25.16614      1.288      1.279    26.0722    34.0615 157.031053  0.000e+00
     25.000  121.78848   25.16614      1.273      1.265    26.0719    34.0619 157.031053  0.000e+00
     25.042  121.78848   25.16614      1.288      1.279    26.0721    34.0620 157.031054  0.000e+00
     25.083  121.78848   25.16614      1.273      1.265    26.0721    34.0612 157.031054  0.000e+00
     25.125  121.78848   25.16614      1.237      1.229    26.0719    34.0611 157.031055  0.000e+00
     25.167  121.78848   25.16614      1.273      1.265    26.0719    34.0504 157.031055  0.000e+00
     25.208  121.78848   25.16614      1.273      1.265    26.0717    34.0347 157.031056  0.000e+00
     25.250  121.78848   25.16614      1.237      1.229    26.0715    34.0362 157.031056  0.000e+00
     25.292  121.78848   25.16614      1.273      1.265    26.0721    34.0547 157.031057  0.000e+00
     25.333  121.78848   25.16614      1.288      1.279    26.0721    34.0622 157.031057  0.000e+00
     25.375  121.78848   25.16614      1.215      1.207    26.0722    34.0616 157.031058  0.000e+00
     25.417  121.78848   25.16614      1.273      1.265    26.0719    34.0629 157.031058  0.000e+00
     25.458  121.78848   25.16614      1.236      1.229    26.0719    34.0622 157.031059  0.000e+00
     25.500  121.78848   25.16614      1.215      1.207    26.0722    34.0620 157.031059  0.000e+00
     25.542  121.78848   25.16614      1.288      1.279    26.0719    34.0436 157.031060  0.000e+00
     25.583  121.78848   25.16614      1.215      1.207    26.0715    34.0443 157.031060  0.000e+00
     25.625  121.78848   25.16614      1.236      1.228    26.0713    34.0539 157.031060  0.000e+00
     25.667  121.78848   25.16614      1.273      1.265    26.0711    34.0304 157.031061  0.000e+00
     25.708  121.78848   25.16614      1.215      1.207    26.0713    34.0045 157.031061  0.000e+00
     25.750  121.78848   25.16614      1.236      1.228    26.0712    34.0420 157.031062  0.000e+00
     25.792  121.78848   25.16614      1.273      1.265    26.0710    34.0593 157.031062  0.000e+00
     25.833  121.78848   25.16614      1.236      1.228    26.0706    34.0612 157.031063  0.000e+00
     25.875  121.78848   25.16614      1.273      1.265    26.0701    34.0607 157.031063  0.000e+00
     25.917  121.78848   25.16614      1.375      1.366    26.0701    34.0606 157.031064  0.000e+00
     25.958  121.78848   25.16614      1.287      1.279    26.0694    34.0610 157.031064  0.000e+00
     26.000  121.78848   25.16614      1.375      1.366    26.0679    34.0606 157.031065  0.000e+00
     26.042  121.78848   25.16614      1.397      1.388    26.0674    34.0610 157.031065  0.000e+00
     26.083  121.78848   25.16614      1.433      1.424    26.0685    34.0600 157.031066  0.000e+00
     26.125  121.78848   25.16614      1.397      1.388    26.0692    34.0610 157.031066  0.000e+00
     26.167  121.78848   25.16614      1.543      1.533    26.0696    34.0605 157.031067  0.000e+00
     26.208  121.78848   25.16614      1.485      1.475    26.0697    34.0605 157.031067  0.000e+00
     26.250  121.78848   25.16614      1.506      1.497    26.0708    34.0600 157.031068  0.000e+00
     26.292  121.78848   25.16614      1.704      1.693    26.0721    34.0601 157.031068  0.000e+00
     26.333  121.78848   25.16614      1.506      1.497    26.0719    34.0612 157.031069  0.000e+00
     26.375  121.78848   25.16614      1.594      1.584    26.0711    34.0604 157.031069  0.000e+00
     26.417  121.78848   25.16614      1.645      1.635    26.0713    34.0612 157.031070  0.000e+00
     26.458  121.78848   25.16614      1.667      1.656    26.0719    34.0602 157.031070  0.000e+00
     26.500  121.78848   25.16614      1.704      1.693    26.0710    34.0611 157.031071  0.000e+00
     26.542  121.78848   25.16614      1.777      1.765    26.0701    34.0603 157.031071  0.000e+00
     26.583  121.78848   25.16614      1.704      1.693    26.0699    34.0611 157.031072  0.000e+00
     26.625  121.78848   25.16614      1.813      1.801    26.0696    34.0613 157.031072  0.000e+00
