coding/cr2370/ctd/cr2370/c1-1.txt
* Sea-Bird SBE 9 Data File:
* FileName = D:\ctddata\cr2370\C1-1.hex
* Software Version Seasave V 7.20g
* Temperature SN = 6284
* Conductivity SN = 4751
* Number of Bytes Per Scan = 34
* Number of Voltage Words = 5
* Number of Scans Averaged by the Deck Unit = 1
* NMEA Latitude = 25 09.96 N
* NMEA Longitude = 121 47.31 E
* NMEA UTC (Time) = Jun 06 2019  00:44:18
** Ship: OR2
** Station: C1-1
** Operator: CR2370
** 63
** 55
# nquan = 9
# nvalues = 4458                                  
# units = specified
# name 0 = timeS: Time, Elapsed [seconds]
# name 1 = longitude: Longitude [deg]
# name 2 = latitude: Latitude [deg]
# name 3 = prDM: Pressure, Digiquartz [db]
# name 4 = depSM: Depth [salt water, m]
# name 5 = t090C: Temperature [ITS-90, deg C]
# name 6 = sal00: Salinity, Practical [PSU]
# name 7 = timeJ: Julian Days
# name 8 = flag:  0.000e+00
# span 0 =      0.000,    185.708                 
# span 1 =  121.78824,  121.78854                 
# span 2 =   25.16614,   25.16656                 
# span 3 =      1.077,     55.404                 
# span 4 =      1.070,     55.040                 
# span 5 =    24.9167,    26.1210                 
# span 6 =    33.6359,    34.1302                 
# span 7 = 157.030764, 157.032913                 
# span 8 = 0.0000e+00, 0.0000e+00                 
# interval = seconds: 0.0416667
# start_time = Jun 06 2019 00:44:18 [NMEA time, header]
# bad_flag = -9.990e-29
*END*
[from data line 2401]
    100.042  121.78838   25.16624     55.294     54.931    24.9630    34.1146 157.031922  0.000e+00
    100.083  121.78838   25.16624     55.404     55.040    24.9635    34.1146 157.031922  0.000e+00
    100.125  121.78838   25.16624     55.360     54.996    24.9626    34.1147 157.031923  0.000e+00
    100.167  121.78838   25.16624     55.353     54.989    24.9617    34.1147 157.031923  0.000e+00
    100.208  121.78838   25.16624     55.294     54.931    24.9608    34.1147 157.031924  0.000e+00
    100.250  121.78838   25.16624     55.353     54.989    24.9603    34.1154 157.031924  0.000e+00
    100.292  121.78838   25.16624     55.360     54.996    24.9605    34.1160 157.031925  0.000e+00
    100.333  121.78838   25.16624     55.404     55.039    24.9614    34.1163 157.031925  0.000e+00
    100.375  121.78838   25.16624     55.294     54.930    24.9637    34.1159 157.031926  0.000e+00
    100.417  121.78838   25.16624     55.352     54.988    24.9652    34.1154 157.031926  0.000e+00
    100.458  121.78838   25.16624     55.294     54.930    24.9664    34.1146 157.031927  0.000e+00
    100.500  121.78838   25.16624     55.301     54.938    24.9670    34.1143 157.031927  0.000e+00
    100.542  121.78838   25.16624     55.403     55.039    24.9660    34.1143 157.031928  0.000e+00
    100.583  121.78838   25.16624     55.352     54.988    24.9657    34.1141 157.031928  0.000e+00
    100.625  121.78838   25.16624     55.294     54.930    24.9651    34.1147 157.031929  0.000e+00
    100.667  121.78838   25.16624     55.294     54.930    24.9657    34.1149 157.031929  0.000e+00
    100.708  121.78838   25.16624     55.359     54.995    24.9664    34.1150 157.031929  0.000e+00
    100.750  121.78838   25.16624     55.294     54.930    24.9675    34.1151 157.031930  0.000e+00
    100.792  121.78838   25.16624     55.403     55.039    24.9689    34.1142 157.031930  0.000e+00
    100.833  121.78838   25.16624     55.352     54.988    24.9689    34.1139 157.031931  0.000e+00
    100.875  121.78838   25.16624     55.359     54.995    24.9685    34.1142 157.031931  0.000e+00
    100.917  121.78838   25.16624     55.242     54.879    24.9691    34.1147 157.031932  0.000e+00
    100.958  121.78838   25.16624     55.352     54.988    24.9699    34.1139 157.031932  0.000e+00
    101.000  121.78838   25.16624     55.293     54.930    24.9705    34.1138 157.031933  0.000e+00
    101.042  121.78838   25.16624     55.352     54.988    24.9707    34.1121 157.031933  0.000e+00
    101.083  121.78838   25.16624     55.301     54.937    24.9703    34.1133 157.031934  0.000e+00
    101.125  121.78838   25.16624     55.352     54.988    24.9698    34.1139 157.031934  0.000e+00
    101.167  121.78838   25.16624     55.293     54.930    24.9696    34.1138 157.031935  0.000e+00
    101.208  121.78838   25.16624     55.352     54.988    24.9678    34.1133 157.031935  0.000e+00
    101.250  121.78838   25.16624     55.293     54.930    24.9644    34.1137 157.031936  0.000e+00
    101.292  121.78838   25.16624     55.359     54.995    24.9624    34.1142 157.031936  0.000e+00
    101.333  121.78838   25.16624     55.242     54.879    24.9612    34.1147 157.031937  0.000e+00
    101.375  121.78838   25.16624     55.293     54.929    24.9608    34.1149 157.031937  0.000e+00
    101.417  121.78838   25.16624     55.293     54.929    24.9614    34.1159 157.031938  0.000e+00
    101.458  121.78838   25.16624     55.351     54.987    24.9637    34.1163 157.031938  0.000e+00
    101.500  121.78838   25.16624     55.249     54.886    24.9671    34.1158 157.031939  0.000e+00
    101.542  121.78838   25.16624     55.351     54.987    24.9693    34.1145 157.031939  0.000e+00
    101.583  121.78838   25.16624     55.351     54.987    24.9690    34.1131 157.031940  0.000e+00
    101.625  121.78838   25.16624     55.242     54.878    24.9650    34.1130 157.031940  0.000e+00
    101.667  121.78838   25.16624     55.249     54.886    24.9608    34.1135 157.031941  0.000e+00
    101.708  121.78838   25.16624     55.242     54.878    24.9582    34.1140 157.031941  0.000e+00
    101.750  121.78838   25.16624     55.293     54.929    24.9555    34.1145 157.031942  0.000e+00
    101.792  121.78836   25.16624     55.351     54.987    24.9550    34.1152 157.031942  0.000e+00
    101.833  121.78836   25.16624     55.293     54.929    24.9576    34.1152 157.031943  0.000e+00
    101.875  121.78836   25.16624     55.300     54.936    24.9600    34.1151 157.031943  0.000e+00
    101.917  121.78836   25.16624     55.190     54.827    24.9614    34.1150 157.031943  0.000e+00
    101.958  121.78836   25.16624     55.293     54.929    24.9619    34.1152 157.031944  0.000e+00
    102.000  121.78836   25.16624     55.292     54.929    24.9643    34.1148 157.031944  0.000e+00
    102.042  121.78836   25.16624     55.241     54.878    24.9661    34.1148 157.031945  0.000e+00
    102.083  121.78836   25.16624     55.300     54.936    24.9683    34.1153 157.031945  0.000e+00
    102.125  121.78836   25.16624     55.241     54.878    24.9714    34.1151 157.031946  0.000e+00
    102.167  121.78836   25.16624     55.292     54.929    24.9732    34.1152 157.031946  0.000e+00
    102.208  121.78836   25.16624     55.190     54.827    24.9739    34.1137 157.031947  0.000e+00
    102.250  121.78836   25.16624     55.300     54.936    24.9725    34.1127 157.031947  0.000e+00
    102.292  121.78836   25.16624     55.190     54.827    24.9697    34.1135 157.031948  0.000e+00
    102.333  121.78836   25.16624     55.351     54.987    24.9693    34.1141 157.031948  0.000e+00
    102.375  121.78836   25.16624     55.241     54.878    24.9710    34.1139 157.031949  0.000e+00
    102.417  121.78836   25.16624     55.241     54.878    24.9720    34.1140 157.031949  0.000e+00
    102.458  121.78836   25.16624     55.248     54.885    24.9728    34.1138 157.031950  0.000e+00
    102.500  121.78836   25.16624     55.241     54.878    24.9732    34.1138 157.031950  0.000e+00
    102.542  121.78836   25.16624     55.241     54.878    24.9737    34.1126 157.031951  0.000e+00
    102.583  121.78836   25.16624     55.241     54.878    24.9702    34.1120 157.031951  0.000e+00
    102.625  121.78836   25.16624     55.241     54.877    24.9674    34.1124 157.031952  0.000e+00
    102.667  121.78836   25.16624     55.248     54.885    24.9661    34.1137 157.031952  0.000e+00
    102.708  121.78836   25.16624     55.241     54.877    24.9655    34.1140 157.031953  0.000e+00
    102.750  121.78836   25.16624     55.189     54.827    24.9648    34.1136 157.031953  0.000e+00
    102.792  121.78836   25.16624     55.241     54.877    24.9639    34.1136 157.031954  0.000e+00
    102.833  121.78836   25.16624     55.299     54.935    24.9633    34.1144 157.031954  0.000e+00
    102.875  121.78836   25.16624     55.189     54.826    24.9633    34.1142 157.031955  0.000e+00
    102.917  121.78836   25.16624     55.240     54.877    24.9633    34.1142 157.031955  0.000e+00
    102.958  121.78836   25.16624     55.240     54.877    24.9633    34.1145 157.031956  0.000e+00
    103.000  121.78836   25.16624     55.189     54.826    24.9648    34.1145 157.031956  0.000e+00
    103.042  121.78836   25.16624     55.299     54.935    24.9655    34.1152 157.031957  0.000e+00
    103.083  121.78836   25.16624     55.291     54.928    24.9669    34.1152 157.031957  0.000e+00
    103.125  121.78836   25.16624     55.189     54.826    24.9682    34.1145 157.031957  0.000e+00
    103.167  121.78836   25.16624     55.240     54.877    24.9687    34.1146 157.031958  0.000e+00
    103.208  121.78836   25.16624     55.240     54.877    24.9687    34.1147 157.031958  0.000e+00
    103.250  121.78836   25.16624     55.189     54.826    24.9690    34.1145 157.031959  0.000e+00
    103.292  121.78836   25.16624     55.240     54.877    24.9695    34.1139 157.031959  0.000e+00
    103.333  121.78836   25.16624     55.189     54.826    24.9692    34.1135 157.031960  0.000e+00
    103.375  121.78836   25.16624     55.130     54.768    24.9693    34.1138 157.031960  0.000e+00
    103.417  121.78836   25.16624     55.028     54.666    24.9701    34.1145 157.031961  0.000e+00
    103.458  121.78836   25.16624     55.130     54.768    24.9711    34.1156 157.031961  0.000e+00
    103.500  121.78836   25.16624     54.970     54.608    24.9732    34.1158 157.031962  0.000e+00
    103.542  121.78836   25.16624     54.969     54.608    24.9755    34.1147 157.031962  0.000e+00
    103.583  121.78836   25.16624     55.021     54.659    24.9768    34.1149 157.031963  0.000e+00
    103.625  121.78836   25.16624     54.977     54.615    24.9792    34.1145 157.031963  0.000e+00
    103.667  121.78836   25.16624     54.969     54.608    24.9806    34.1138 157.031964  0.000e+00
    103.708  121.78836   25.16624     54.918     54.557    24.9813    34.1133 157.031964  0.000e+00
    103.750  121.78836   25.16624     54.860     54.499    24.9815    34.1132 157.031965  0.000e+00
    103.792  121.78836   25.16626     54.860     54.499    24.9817    34.1130 157.031965  0.000e+00
    103.833  121.78836   25.16626     54.867     54.506    24.9817    34.1132 157.031966  0.000e+00
    103.875  121.78836   25.16626     54.860     54.499    24.9816    34.1136 157.031966  0.000e+00
    103.917  121.78836   25.16626     54.808     54.448    24.9824    34.1136 157.031967  0.000e+00
    103.958  121.78836   25.16626     54.808     54.448    24.9834    34.1132 157.031967  0.000e+00
    104.000  121.78836   25.16626     54.757     54.397    24.9837    34.1131 157.031968  0.000e+00
    104.042  121.78836   25.16626     54.699     54.339    24.9846    34.1139 157.031968  0.000e+00
    104.083  121.78836   25.16626     54.750     54.390    24.9856    34.1136 157.031969  0.000e+00
    104.125  121.78836   25.16626     54.750     54.390    24.9862    34.1132 157.031969  0.000e+00
    104.167  121.78836   25.16626     54.596     54.237    24.9866    34.1131 157.031970  0.000e+00
    104.208  121.78836   25.16626     54.750     54.390    24.9867    34.1131 157.031970  0.000e+00
    104.250  121.78836   25.16626     54.589     54.230    24.9867    34.1133 157.031970  0.000e+00
    104.292  121.78836   25.16626     54.538     54.179    24.9873    34.1129 157.031971  0.000e+00
    104.333  121.78836   25.16626     54.538     54.179    24.9874    34.1137 157.031971  0.000e+00
    104.375  121.78836   25.16626     54.596     54.237    24.9877    34.1131 157.031972  0.000e+00
    104.417  121.78836   25.16626     54.538     54.179    24.9878    34.1130 157.031972  0.000e+00
    104.458  121.78836   25.16626     54.538     54.179    24.9879    34.1129 157.031973  0.000e+00
    104.500  121.78836   25.16626     54.479     54.121    24.9877    34.1130 157.031973  0.000e+00
    104.542  121.78836   25.16626     54.435     54.077    24.9878    34.1125 157.031974  0.000e+00
    104.583  121.78836   25.16626     54.428     54.070    24.9868    34.1124 157.031974  0.000e+00
    104.625  121.78836   25.16626     54.369     54.012    24.9867    34.1127 157.031975  0.000e+00
    104.667  121.78836   25.16626     54.428     54.070    24.9862    34.1128 157.031975  0.000e+00
    104.708  121.78836   25.16626     54.369     54.012    24.9850    34.1131 157.031976  0.000e+00
    104.750  121.78836   25.16626     54.325     53.968    24.9842    34.1128 157.031976  0.000e+00
    104.792  121.78836   25.16626     54.318     53.961    24.9834    34.1133 157.031977  0.000e+00
    104.833  121.78836   25.16626     54.267     53.910    24.9847    34.1137 157.031977  0.000e+00
    104.875  121.78836   25.16626     54.208     53.852    24.9863    34.1139 157.031978  0.000e+00
    104.917  121.78836   25.16626     54.267     53.910    24.9877    34.1136 157.031978  0.000e+00
    104.958  121.78836   25.16626     54.208     53.852    24.9879    34.1133 157.031979  0.000e+00
    105.000  121.78836   25.16626     54.208     53.852    24.9878    34.1133 157.031979  0.000e+00
    105.042  121.78836   25.16626     54.157     53.801    24.9879    34.1133 157.031980  0.000e+00
    105.083  121.78836   25.16626     54.106     53.750    24.9885    34.1126 157.031980  0.000e+00
    105.125  121.78836   25.16626     54.099     53.743    24.9875    34.1126 157.031981  0.000e+00
    105.167  121.78836   25.16626     54.047     53.692    24.9860    34.1121 157.031981  0.000e+00
    105.208  121.78836   25.16626     54.098     53.743    24.9846    34.1124 157.031982  0.000e+00
    105.250  121.78836   25.16626     53.996     53.641    24.9840    34.1128 157.031982  0.000e+00
    105.292  121.78836   25.16626     53.996     53.641    24.9839    34.1139 157.031983  0.000e+00
    105.333  121.78836   25.16626     53.938     53.583    24.9847    34.1141 157.031983  0.000e+00
    105.375  121.78836   25.16626     53.938     53.583    24.9856    34.1134 157.031984  0.000e+00
    105.417  121.78836   25.16626     53.945     53.590    24.9853    34.1135 157.031984  0.000e+00
    105.458  121.78836   25.16626     53.886     53.532    24.9852    34.1131 157.031984  0.000e+00
    105.500  121.78836   25.16626     53.886     53.532    24.9849    34.1131 157.031985  0.000e+00
    105.542  121.78836   25.16626     53.777     53.423    24.9847    34.1128 157.031985  0.000e+00
    105.583  121.78836   25.16626     53.835     53.481    24.9851    34.1126 157.031986  0.000e+00
    105.625  121.78836   25.16626     53.725     53.372    24.9858    34.1129 157.031986  0.000e+00
    105.667  121.78836   25.16626     53.777     53.423    24.9872    34.1135 157.031987  0.000e+00
    105.708  121.78836   25.16626     53.777     53.423    24.9890    34.1133 157.031987  0.000e+00
    105.750  121.78836   25.16626     53.674     53.321    24.9904    34.1132 157.031988  0.000e+00
    105.792  121.78836   25.16626     53.667     53.314    24.9910    34.1128 157.031988  0.000e+00
    105.833  121.78836   25.16626     53.557     53.205    24.9917    34.1135 157.031989  0.000e+00
    105.875  121.78836   25.16626     53.557     53.205    24.9933    34.1136 157.031989  0.000e+00
    105.917  121.78836   25.16626     53.674     53.321    24.9954    34.1137 157.031990  0.000e+00
    105.958  121.78836   25.16626     53.557     53.205    24.9974    34.1139 157.031990  0.000e+00
    106.000  121.78836   25.16626     53.557     53.205    25.0003    34.1138 157.031991  0.000e+00
    106.042  121.78836   25.16626     53.447     53.096    25.0044    34.1145 157.031991  0.000e+00
    106.083  121.78836   25.16626     53.455     53.103    25.0090    34.1149 157.031992  0.000e+00
    106.125  121.78836   25.16626     53.396     53.045    25.0144    34.1153 157.031992  0.000e+00
    106.167  121.78836   25.16626     53.396     53.045    25.0188    34.1156 157.031993  0.000e+00
    106.208  121.78836   25.16626     53.396     53.045    25.0225    34.1148 157.031993  0.000e+00
    106.250  121.78836   25.16626     53.403     53.052    25.0267    34.1135 157.031994  0.000e+00
    106.292  121.78836   25.16626     53.286     52.936    25.0290    34.1114 157.031994  0.000e+00
    106.333  121.78836   25.16626     53.286     52.936    25.0286    34.1108 157.031995  0.000e+00
    106.375  121.78836   25.16626     53.235     52.885    25.0286    34.1097 157.031995  0.000e+00
    106.417  121.78836   25.16626     53.235     52.885    25.0279    34.1106 157.031996  0.000e+00
    106.458  121.78836   25.16626     53.235     52.885    25.0299    34.1113 157.031996  0.000e+00
    106.500  121.78836   25.16626     53.177     52.827    25.0324    34.1118 157.031997  0.000e+00
    106.542  121.78836   25.16626     53.126     52.776    25.0347    34.1120 157.031997  0.000e+00
    106.583  121.78836   25.16626     53.133     52.784    25.0379    34.1117 157.031997  0.000e+00
    106.625  121.78836   25.16626     53.125     52.776    25.0402    34.1115 157.031998  0.000e+00
