coding/cr2370/ctd/cr2370/c1-1.txt
* Sea-Bird SBE 9 Data File:
* FileName = D:\ctddata\cr2370\C1-1.hex
* Software Version Seasave V 7.20g
* Temperature SN = 6284
* Conductivity SN = 4751
* Number of Bytes Per Scan = 34
* Number of Voltage Words = 5
* Number of Scans Averaged by the Deck Unit = 1
* NMEA Latitude = 25 09.96 N
* NMEA Longitude = 121 47.31 E
* NMEA UTC (Time) = Jun 06 2019  00:44:18
** Ship: OR2
** Station: C1-1
** Operator: CR2370
** 63
** 55
# nquan = 9
# nvalues = 4458                                  
# units = specified
# name 0 = timeS: Time, Elapsed [seconds]
# name 1 = longitude: Longitude [deg]
# name 2 = latitude: Latitude [deg]
# name 3 = prDM: Pressure, Digiquartz [db]
# name 4 = depSM: Depth [salt water, m]
# name 5 = t090C: Temperature [ITS-90, deg C]
# name 6 = sal00: Salinity, Practical [PSU]
# name 7 = timeJ: Julian Days
# name 8 = flag:  0.000e+00
# span 0 =      0.000,    185.708                 
# span 1 =  121.78824,  121.78854                 
# span 2 =   25.16614,   25.16656                 
# span 3 =      1.077,     55.404                 
# span 4 =      1.070,     55.040                 
# span 5 =    24.9167,    26.1210                 
# span 6 =    33.6359,    34.1302                 
# span 7 = 157.030764, 157.032913                 
# span 8 = 0.0000e+00, 0.0000e+00                 
# interval = seconds: 0.0416667
# start_time = Jun 06 2019 00:44:18 [NMEA time, header]
# bad_flag = -9.990e-29
*END*
[from data line 3681]
    153.375  121.78832   25.16642     23.317     23.166    25.8227    34.1151 157.032539  0.000e+00
    153.417  121.78832   25.16642     23.259     23.107    25.8218    34.1146 157.032540  0.000e+00
    153.458  121.78832   25.16642     23.281     23.129    25.8214    34.1164 157.032540  0.000e+00
    153.500  121.78832   25.16642     23.207     23.057    25.8243    34.1178 157.032541  0.000e+00
    153.542  121.78832   25.16642     23.207     23.057    25.8263    34.1173 157.032541  0.000e+00
    153.583  121.78832   25.16642     23.207     23.057    25.8266    34.1166 157.032541  0.000e+00
    153.625  121.78832   25.16642     23.207     23.057    25.8272    34.1165 157.032542  0.000e+00
    153.667  121.78832   25.16642     23.098     22.948    25.8288    34.1171 157.032542  0.000e+00
    153.708  121.78832   25.16642     23.098     22.948    25.8309    34.1165 157.032543  0.000e+00
    153.750  121.78832   25.16642     23.098     22.948    25.8312    34.1158 157.032543  0.000e+00
    153.792  121.78832   25.16642     23.047     22.897    25.8315    34.1154 157.032544  0.000e+00
    153.833  121.78832   25.16642     23.046     22.897    25.8316    34.1153 157.032544  0.000e+00
    153.875  121.78832   25.16642     23.046     22.897    25.8313    34.1158 157.032545  0.000e+00
    153.917  121.78832   25.16642     22.988     22.839    25.8318    34.1159 157.032545  0.000e+00
    153.958  121.78832   25.16642     22.937     22.788    25.8323    34.1164 157.032546  0.000e+00
    154.000  121.78832   25.16642     22.937     22.788    25.8323    34.1172 157.032546  0.000e+00
    154.042  121.78832   25.16642     22.900     22.751    25.8326    34.1174 157.032547  0.000e+00
    154.083  121.78832   25.16642     22.878     22.730    25.8329    34.1177 157.032547  0.000e+00
    154.125  121.78832   25.16642     22.937     22.788    25.8332    34.1173 157.032548  0.000e+00
    154.167  121.78832   25.16642     22.878     22.730    25.8334    34.1157 157.032548  0.000e+00
    154.208  121.78832   25.16642     22.776     22.628    25.8334    34.1160 157.032549  0.000e+00
    154.250  121.78832   25.16642     22.776     22.628    25.8332    34.1165 157.032549  0.000e+00
    154.292  121.78832   25.16642     22.776     22.628    25.8338    34.1158 157.032550  0.000e+00
    154.333  121.78832   25.16642     22.776     22.628    25.8339    34.1161 157.032550  0.000e+00
    154.375  121.78832   25.16642     22.717     22.570    25.8343    34.1159 157.032551  0.000e+00
    154.417  121.78832   25.16642     22.717     22.570    25.8345    34.1162 157.032551  0.000e+00
    154.458  121.78832   25.16642     22.666     22.519    25.8342    34.1167 157.032552  0.000e+00
    154.500  121.78832   25.16642     22.666     22.519    25.8336    34.1173 157.032552  0.000e+00
    154.542  121.78832   25.16642     22.608     22.461    25.8336    34.1171 157.032553  0.000e+00
    154.583  121.78832   25.16642     22.556     22.410    25.8331    34.1180 157.032553  0.000e+00
    154.625  121.78832   25.16642     22.666     22.519    25.8335    34.1176 157.032554  0.000e+00
    154.667  121.78832   25.16642     22.556     22.410    25.8338    34.1175 157.032554  0.000e+00
    154.708  121.78832   25.16642     22.578     22.432    25.8334    34.1174 157.032554  0.000e+00
    154.750  121.78832   25.16642     22.505     22.359    25.8334    34.1168 157.032555  0.000e+00
    154.792  121.78832   25.16642     22.396     22.250    25.8334    34.1164 157.032555  0.000e+00
    154.833  121.78832   25.16642     22.447     22.301    25.8334    34.1163 157.032556  0.000e+00
    154.875  121.78832   25.16642     22.447     22.301    25.8334    34.1163 157.032556  0.000e+00
    154.917  121.78832   25.16642     22.505     22.359    25.8337    34.1161 157.032557  0.000e+00
    154.958  121.78832   25.16642     22.395     22.250    25.8338    34.1166 157.032557  0.000e+00
    155.000  121.78832   25.16642     22.337     22.192    25.8334    34.1170 157.032558  0.000e+00
    155.042  121.78832   25.16642     22.286     22.141    25.8331    34.1175 157.032558  0.000e+00
    155.083  121.78832   25.16642     22.235     22.090    25.8327    34.1174 157.032559  0.000e+00
    155.125  121.78832   25.16642     22.286     22.141    25.8318    34.1179 157.032559  0.000e+00
    155.167  121.78832   25.16642     22.337     22.192    25.8315    34.1179 157.032560  0.000e+00
    155.208  121.78832   25.16642     22.286     22.141    25.8315    34.1178 157.032560  0.000e+00
    155.250  121.78832   25.16642     22.234     22.090    25.8318    34.1176 157.032561  0.000e+00
    155.292  121.78832   25.16642     22.066     21.923    25.8329    34.1166 157.032561  0.000e+00
    155.333  121.78832   25.16642     22.125     21.981    25.8342    34.1174 157.032562  0.000e+00
    155.375  121.78832   25.16642     22.066     21.923    25.8358    34.1174 157.032562  0.000e+00
    155.417  121.78832   25.16642     22.125     21.981    25.8383    34.1175 157.032563  0.000e+00
    155.458  121.78832   25.16642     22.066     21.923    25.8397    34.1179 157.032563  0.000e+00
    155.500  121.78832   25.16642     22.139     21.995    25.8405    34.1173 157.032564  0.000e+00
    155.542  121.78832   25.16642     22.015     21.872    25.8397    34.1178 157.032564  0.000e+00
    155.583  121.78832   25.16642     21.905     21.763    25.8392    34.1190 157.032565  0.000e+00
    155.625  121.78832   25.16642     21.964     21.821    25.8401    34.1187 157.032565  0.000e+00
    155.667  121.78832   25.16642     21.854     21.712    25.8410    34.1182 157.032566  0.000e+00
    155.708  121.78832   25.16642     21.964     21.821    25.8413    34.1179 157.032566  0.000e+00
    155.750  121.78832   25.16642     21.905     21.763    25.8417    34.1175 157.032567  0.000e+00
    155.792  121.78830   25.16644     21.905     21.763    25.8415    34.1170 157.032567  0.000e+00
    155.833  121.78830   25.16644     21.796     21.654    25.8421    34.1171 157.032568  0.000e+00
    155.875  121.78830   25.16644     21.745     21.603    25.8426    34.1177 157.032568  0.000e+00
    155.917  121.78830   25.16644     21.686     21.545    25.8428    34.1186 157.032568  0.000e+00
    155.958  121.78830   25.16644     21.686     21.545    25.8433    34.1184 157.032569  0.000e+00
    156.000  121.78830   25.16644     21.686     21.545    25.8435    34.1185 157.032569  0.000e+00
    156.042  121.78830   25.16644     21.744     21.603    25.8433    34.1182 157.032570  0.000e+00
    156.083  121.78830   25.16644     21.686     21.545    25.8424    34.1183 157.032570  0.000e+00
    156.125  121.78830   25.16644     21.635     21.494    25.8421    34.1176 157.032571  0.000e+00
    156.167  121.78830   25.16644     21.584     21.443    25.8421    34.1167 157.032571  0.000e+00
    156.208  121.78830   25.16644     21.584     21.443    25.8415    34.1164 157.032572  0.000e+00
    156.250  121.78830   25.16644     21.474     21.335    25.8406    34.1165 157.032572  0.000e+00
    156.292  121.78830   25.16644     21.416     21.276    25.8397    34.1175 157.032573  0.000e+00
    156.333  121.78830   25.16644     21.525     21.385    25.8397    34.1179 157.032573  0.000e+00
    156.375  121.78830   25.16644     21.474     21.334    25.8388    34.1184 157.032574  0.000e+00
    156.417  121.78830   25.16644     21.474     21.334    25.8377    34.1192 157.032574  0.000e+00
    156.458  121.78830   25.16644     21.364     21.226    25.8382    34.1194 157.032575  0.000e+00
    156.500  121.78830   25.16644     21.364     21.225    25.8390    34.1193 157.032575  0.000e+00
    156.542  121.78830   25.16644     21.277     21.138    25.8404    34.1187 157.032576  0.000e+00
    156.583  121.78830   25.16644     21.364     21.225    25.8417    34.1180 157.032576  0.000e+00
    156.625  121.78830   25.16644     21.203     21.066    25.8422    34.1177 157.032577  0.000e+00
    156.667  121.78830   25.16644     21.255     21.117    25.8437    34.1184 157.032577  0.000e+00
    156.708  121.78830   25.16644     21.254     21.116    25.8462    34.1189 157.032578  0.000e+00
    156.750  121.78830   25.16644     21.145     21.008    25.8490    34.1198 157.032578  0.000e+00
    156.792  121.78830   25.16644     21.145     21.008    25.8514    34.1196 157.032579  0.000e+00
    156.833  121.78830   25.16644     21.145     21.008    25.8520    34.1190 157.032579  0.000e+00
    156.875  121.78830   25.16644     21.145     21.007    25.8521    34.1180 157.032580  0.000e+00
    156.917  121.78830   25.16644     21.094     20.957    25.8518    34.1172 157.032580  0.000e+00
    156.958  121.78830   25.16644     21.042     20.906    25.8521    34.1168 157.032581  0.000e+00
    157.000  121.78830   25.16644     20.984     20.848    25.8527    34.1169 157.032581  0.000e+00
    157.042  121.78830   25.16644     20.933     20.797    25.8532    34.1172 157.032582  0.000e+00
    157.083  121.78830   25.16644     20.984     20.848    25.8532    34.1180 157.032582  0.000e+00
    157.125  121.78830   25.16644     20.933     20.797    25.8539    34.1191 157.032582  0.000e+00
    157.167  121.78830   25.16644     20.933     20.797    25.8557    34.1192 157.032583  0.000e+00
    157.208  121.78830   25.16644     20.933     20.797    25.8571    34.1187 157.032583  0.000e+00
    157.250  121.78830   25.16644     20.874     20.739    25.8587    34.1178 157.032584  0.000e+00
    157.292  121.78830   25.16644     20.772     20.637    25.8595    34.1169 157.032584  0.000e+00
    157.333  121.78830   25.16644     20.823     20.688    25.8602    34.1170 157.032585  0.000e+00
    157.375  121.78830   25.16644     20.713     20.579    25.8604    34.1180 157.032585  0.000e+00
    157.417  121.78830   25.16644     20.713     20.579    25.8601    34.1188 157.032586  0.000e+00
    157.458  121.78830   25.16644     20.772     20.637    25.8606    34.1193 157.032586  0.000e+00
    157.500  121.78830   25.16644     20.662     20.528    25.8618    34.1191 157.032587  0.000e+00
    157.542  121.78830   25.16644     20.662     20.528    25.8636    34.1182 157.032587  0.000e+00
    157.583  121.78830   25.16644     20.662     20.528    25.8659    34.1180 157.032588  0.000e+00
    157.625  121.78830   25.16644     20.553     20.419    25.8688    34.1184 157.032588  0.000e+00
    157.667  121.78830   25.16644     20.604     20.470    25.8714    34.1189 157.032589  0.000e+00
    157.708  121.78830   25.16644     20.552     20.419    25.8721    34.1192 157.032589  0.000e+00
    157.750  121.78830   25.16644     20.552     20.419    25.8724    34.1187 157.032590  0.000e+00
    157.792  121.78830   25.16644     20.494     20.361    25.8737    34.1176 157.032590  0.000e+00
    157.833  121.78830   25.16644     20.392     20.259    25.8750    34.1180 157.032591  0.000e+00
    157.875  121.78830   25.16644     20.443     20.310    25.8755    34.1185 157.032591  0.000e+00
    157.917  121.78830   25.16644     20.392     20.259    25.8753    34.1188 157.032592  0.000e+00
    157.958  121.78830   25.16644     20.392     20.259    25.8752    34.1186 157.032592  0.000e+00
    158.000  121.78830   25.16644     20.392     20.259    25.8751    34.1176 157.032593  0.000e+00
    158.042  121.78830   25.16644     20.333     20.201    25.8750    34.1175 157.032593  0.000e+00
    158.083  121.78830   25.16644     20.282     20.150    25.8755    34.1178 157.032594  0.000e+00
    158.125  121.78830   25.16644     20.282     20.150    25.8762    34.1185 157.032594  0.000e+00
    158.167  121.78830   25.16644     20.224     20.092    25.8762    34.1193 157.032595  0.000e+00
    158.208  121.78830   25.16644     20.223     20.092    25.8767    34.1188 157.032595  0.000e+00
    158.250  121.78830   25.16644     20.121     19.991    25.8768    34.1179 157.032595  0.000e+00
    158.292  121.78830   25.16644     20.223     20.092    25.8773    34.1169 157.032596  0.000e+00
    158.333  121.78830   25.16644     20.172     20.041    25.8762    34.1181 157.032596  0.000e+00
    158.375  121.78830   25.16644     20.063     19.932    25.8759    34.1187 157.032597  0.000e+00
    158.417  121.78830   25.16644     20.063     19.932    25.8755    34.1191 157.032597  0.000e+00
    158.458  121.78830   25.16644     20.121     19.990    25.8755    34.1180 157.032598  0.000e+00
    158.500  121.78830   25.16644     20.011     19.882    25.8755    34.1175 157.032598  0.000e+00
    158.542  121.78830   25.16644     20.011     19.882    25.8750    34.1172 157.032599  0.000e+00
    158.583  121.78830   25.16644     19.953     19.823    25.8735    34.1183 157.032599  0.000e+00
    158.625  121.78830   25.16644     19.953     19.823    25.8755    34.1188 157.032600  0.000e+00
    158.667  121.78830   25.16644     19.902     19.773    25.8780    34.1171 157.032600  0.000e+00
    158.708  121.78830   25.16644     19.953     19.823    25.8786    34.1159 157.032601  0.000e+00
    158.750  121.78830   25.16644     19.851     19.722    25.8800    34.1155 157.032601  0.000e+00
    158.792  121.78830   25.16644     19.851     19.722    25.8809    34.1156 157.032602  0.000e+00
    158.833  121.78830   25.16644     19.792     19.664    25.8798    34.1149 157.032602  0.000e+00
    158.875  121.78830   25.16644     19.792     19.664    25.8780    34.1147 157.032603  0.000e+00
    158.917  121.78830   25.16644     19.792     19.664    25.8769    34.1139 157.032603  0.000e+00
    158.958  121.78830   25.16644     19.792     19.664    25.8761    34.1133 157.032604  0.000e+00
    159.000  121.78830   25.16644     19.682     19.555    25.8762    34.1132 157.032604  0.000e+00
    159.042  121.78830   25.16644     19.682     19.555    25.8764    34.1124 157.032605  0.000e+00
    159.083  121.78830   25.16644     19.682     19.555    25.8759    34.1116 157.032605  0.000e+00
    159.125  121.78830   25.16644     19.631     19.504    25.8757    34.1112 157.032606  0.000e+00
    159.167  121.78830   25.16644     19.631     19.504    25.8759    34.1106 157.032606  0.000e+00
    159.208  121.78830   25.16644     19.580     19.453    25.8762    34.1107 157.032607  0.000e+00
    159.250  121.78830   25.16644     19.580     19.453    25.8757    34.1107 157.032607  0.000e+00
    159.292  121.78830   25.16644     19.580     19.453    25.8761    34.1119 157.032608  0.000e+00
    159.333  121.78830   25.16644     19.580     19.453    25.8793    34.1124 157.032608  0.000e+00
    159.375  121.78830   25.16644     19.470     19.344    25.8814    34.1131 157.032609  0.000e+00
    159.417  121.78830   25.16644     19.470     19.344    25.8832    34.1127 157.032609  0.000e+00
    159.458  121.78830   25.16644     19.412     19.286    25.8847    34.1112 157.032609  0.000e+00
    159.500  121.78830   25.16644     19.412     19.286    25.8854    34.1099 157.032610  0.000e+00
    159.542  121.78830   25.16644     19.412     19.286    25.8854    34.1107 157.032610  0.000e+00
    159.583  121.78830   25.16644     19.470     19.344    25.8857    34.1098 157.032611  0.000e+00
    159.625  121.78830   25.16644     19.361     19.235    25.8848    34.1092 157.032611  0.000e+00
    159.667  121.78830   25.16644     19.251     19.126    25.8850    34.1088 157.032612  0.000e+00
    159.708  121.78830   25.16644     19.310     19.184    25.8857    34.1087 157.032612  0.000e+00
    159.750  121.78830   25.16644     19.251     19.126    25.8863    34.1089 157.032613  0.000e+00
    159.792  121.78830   25.16644     19.309     19.184    25.8857    34.1078 157.032613  0.000e+00
    159.833  121.78830   25.16644     19.251     19.126    25.8875    34.1062 157.032614  0.000e+00
    159.875  121.78830   25.16644     19.200     19.075    25.8933    34.1039 157.032614  0.000e+00
    159.917  121.78830   25.16644     19.141     19.017    25.8965    34.1024 157.032615  0.000e+00
    159.958  121.78830   25.16644     19.141     19.017    25.8977    34.1011 157.032615  0.000e+00
