coding/cr2370/ctd/cr2370/c1-1.txt
* Sea-Bird SBE 9 Data File:
* FileName = D:\ctddata\cr2370\C1-1.hex
* Software Version Seasave V 7.20g
* Temperature SN = 6284
* Conductivity SN = 4751
* Number of Bytes Per Scan = 34
* Number of Voltage Words = 5
* Number of Scans Averaged by the Deck Unit = 1
* NMEA Latitude = 25 09.96 N
* NMEA Longitude = 121 47.31 E
* NMEA UTC (Time) = Jun 06 2019  00:44:18
** Ship: OR2
** Station: C1-1
** Operator: CR2370
** 63
** 55
# nquan = 9
# nvalues = 4458                                  
# units = specified
# name 0 = timeS: Time, Elapsed [seconds]
# name 1 = longitude: Longitude [deg]
# name 2 = latitude: Latitude [deg]
# name 3 = prDM: Pressure, Digiquartz [db]
# name 4 = depSM: Depth [salt water, m]
# name 5 = t090C: Temperature [ITS-90, deg C]
# name 6 = sal00: Salinity, Practical [PSU]
# name 7 = timeJ: Julian Days
# name 8 = flag:  0.000e+00
# span 0 =      0.000,    185.708                 
# span 1 =  121.78824,  121.78854                 
# span 2 =   25.16614,   25.16656                 
# span 3 =      1.077,     55.404                 
# span 4 =      1.070,     55.040                 
# span 5 =    24.9167,    26.1210                 
# span 6 =    33.6359,    34.1302                 
# span 7 = 157.030764, 157.032913                 
# span 8 = 0.0000e+00, 0.0000e+00                 
# interval = seconds: 0.0416667
# start_time = Jun 06 2019 00:44:18 [NMEA time, header]
# bad_flag = -9.990e-29
*END*
[from data line 2561]
    106.708  121.78836   25.16626     53.016     52.667    25.0451    34.1108 157.031999  0.000e+00
    106.750  121.78836   25.16626     52.965     52.617    25.0465    34.1105 157.031999  0.000e+00
    106.792  121.78836   25.16626     53.016     52.667    25.0479    34.1093 157.032000  0.000e+00
    106.833  121.78836   25.16626     53.016     52.667    25.0484    34.1086 157.032000  0.000e+00
    106.875  121.78836   25.16626     52.906     52.558    25.0472    34.1088 157.032001  0.000e+00
    106.917  121.78836   25.16626     52.913     52.566    25.0468    34.1079 157.032001  0.000e+00
    106.958  121.78836   25.16626     52.804     52.457    25.0459    34.1095 157.032002  0.000e+00
    107.000  121.78836   25.16626     52.804     52.457    25.0473    34.1098 157.032002  0.000e+00
    107.042  121.78836   25.16626     52.855     52.508    25.0499    34.1096 157.032003  0.000e+00
    107.083  121.78836   25.16626     52.804     52.457    25.0520    34.1094 157.032003  0.000e+00
    107.125  121.78836   25.16626     52.745     52.399    25.0529    34.1086 157.032004  0.000e+00
    107.167  121.78836   25.16626     52.745     52.399    25.0531    34.1088 157.032004  0.000e+00
    107.208  121.78836   25.16626     52.643     52.297    25.0535    34.1082 157.032005  0.000e+00
    107.250  121.78836   25.16626     52.694     52.348    25.0536    34.1084 157.032005  0.000e+00
    107.292  121.78836   25.16626     52.694     52.348    25.0540    34.1083 157.032006  0.000e+00
    107.333  121.78836   25.16626     52.635     52.290    25.0542    34.1087 157.032006  0.000e+00
    107.375  121.78836   25.16626     52.584     52.239    25.0544    34.1096 157.032007  0.000e+00
    107.417  121.78836   25.16626     52.533     52.188    25.0556    34.1100 157.032007  0.000e+00
    107.458  121.78836   25.16626     52.584     52.239    25.0581    34.1103 157.032008  0.000e+00
    107.500  121.78836   25.16626     52.533     52.188    25.0618    34.1103 157.032008  0.000e+00
    107.542  121.78836   25.16626     52.482     52.137    25.0657    34.1091 157.032009  0.000e+00
    107.583  121.78836   25.16626     52.474     52.130    25.0674    34.1082 157.032009  0.000e+00
    107.625  121.78836   25.16626     52.423     52.079    25.0683    34.1073 157.032010  0.000e+00
    107.667  121.78836   25.16626     52.423     52.079    25.0688    34.1080 157.032010  0.000e+00
    107.708  121.78836   25.16626     52.365     52.021    25.0704    34.1084 157.032011  0.000e+00
    107.750  121.78836   25.16626     52.423     52.079    25.0729    34.1083 157.032011  0.000e+00
    107.792  121.78836   25.16626     52.313     51.970    25.0752    34.1083 157.032011  0.000e+00
    107.833  121.78836   25.16626     52.372     52.028    25.0767    34.1071 157.032012  0.000e+00
    107.875  121.78836   25.16626     52.313     51.970    25.0772    34.1056 157.032012  0.000e+00
    107.917  121.78836   25.16626     52.255     51.912    25.0763    34.1059 157.032013  0.000e+00
    107.958  121.78836   25.16626     52.204     51.861    25.0761    34.1066 157.032013  0.000e+00
    108.000  121.78836   25.16626     52.255     51.912    25.0763    34.1059 157.032014  0.000e+00
    108.042  121.78836   25.16626     52.204     51.861    25.0765    34.1060 157.032014  0.000e+00
    108.083  121.78836   25.16626     52.255     51.912    25.0783    34.1050 157.032015  0.000e+00
    108.125  121.78836   25.16626     52.152     51.810    25.0785    34.1043 157.032015  0.000e+00
    108.167  121.78836   25.16626     52.094     51.752    25.0768    34.1041 157.032016  0.000e+00
    108.208  121.78836   25.16626     52.094     51.752    25.0740    34.1054 157.032016  0.000e+00
    108.250  121.78836   25.16626     52.101     51.759    25.0729    34.1058 157.032017  0.000e+00
    108.292  121.78836   25.16626     52.043     51.701    25.0719    34.1065 157.032017  0.000e+00
    108.333  121.78836   25.16626     52.094     51.752    25.0724    34.1066 157.032018  0.000e+00
    108.375  121.78836   25.16626     51.984     51.643    25.0733    34.1077 157.032018  0.000e+00
    108.417  121.78836   25.16626     51.992     51.650    25.0777    34.1081 157.032019  0.000e+00
    108.458  121.78836   25.16626     51.933     51.592    25.0818    34.1082 157.032019  0.000e+00
    108.500  121.78836   25.16626     51.984     51.643    25.0854    34.1078 157.032020  0.000e+00
    108.542  121.78836   25.16626     51.933     51.592    25.0883    34.1067 157.032020  0.000e+00
    108.583  121.78836   25.16626     51.933     51.592    25.0907    34.1060 157.032021  0.000e+00
    108.625  121.78836   25.16626     51.823     51.483    25.0933    34.1049 157.032021  0.000e+00
    108.667  121.78836   25.16626     51.882     51.541    25.0949    34.1043 157.032022  0.000e+00
    108.708  121.78836   25.16626     51.831     51.490    25.0956    34.1040 157.032022  0.000e+00
    108.750  121.78836   25.16626     51.772     51.432    25.0962    34.1042 157.032023  0.000e+00
    108.792  121.78836   25.16626     51.823     51.483    25.0963    34.1039 157.032023  0.000e+00
    108.833  121.78836   25.16626     51.721     51.381    25.0958    34.1040 157.032024  0.000e+00
    108.875  121.78836   25.16626     51.772     51.432    25.0963    34.1041 157.032024  0.000e+00
    108.917  121.78836   25.16626     51.772     51.432    25.0970    34.1039 157.032024  0.000e+00
    108.958  121.78836   25.16626     51.662     51.323    25.0970    34.1037 157.032025  0.000e+00
    109.000  121.78836   25.16626     51.662     51.323    25.0970    34.1036 157.032025  0.000e+00
    109.042  121.78836   25.16626     51.662     51.323    25.0967    34.1036 157.032026  0.000e+00
    109.083  121.78836   25.16626     51.611     51.272    25.0963    34.1036 157.032026  0.000e+00
    109.125  121.78836   25.16626     51.662     51.323    25.0962    34.1036 157.032027  0.000e+00
    109.167  121.78836   25.16626     51.501     51.163    25.0963    34.1035 157.032027  0.000e+00
    109.208  121.78836   25.16626     51.553     51.214    25.0960    34.1038 157.032028  0.000e+00
    109.250  121.78836   25.16626     51.443     51.105    25.0959    34.1036 157.032028  0.000e+00
    109.292  121.78836   25.16626     51.450     51.112    25.0956    34.1035 157.032029  0.000e+00
    109.333  121.78836   25.16626     51.501     51.163    25.0956    34.1037 157.032029  0.000e+00
    109.375  121.78836   25.16626     51.501     51.163    25.0958    34.1036 157.032030  0.000e+00
    109.417  121.78836   25.16626     51.392     51.054    25.0956    34.1040 157.032030  0.000e+00
    109.458  121.78836   25.16626     51.333     50.996    25.0960    34.1039 157.032031  0.000e+00
    109.500  121.78836   25.16626     51.333     50.996    25.0965    34.1039 157.032031  0.000e+00
    109.542  121.78836   25.16626     51.282     50.945    25.0965    34.1034 157.032032  0.000e+00
    109.583  121.78836   25.16626     51.282     50.945    25.0962    34.1034 157.032032  0.000e+00
    109.625  121.78836   25.16626     51.282     50.945    25.0954    34.1039 157.032033  0.000e+00
    109.667  121.78836   25.16626     51.231     50.894    25.0958    34.1040 157.032033  0.000e+00
    109.708  121.78836   25.16626     51.231     50.894    25.0963    34.1039 157.032034  0.000e+00
    109.750  121.78836   25.16626     51.172     50.836    25.0965    34.1038 157.032034  0.000e+00
    109.792  121.78836   25.16626     51.121     50.785    25.0970    34.1037 157.032035  0.000e+00
    109.833  121.78836   25.16626     51.180     50.843    25.0970    34.1040 157.032035  0.000e+00
    109.875  121.78836   25.16626     51.063     50.727    25.0976    34.1039 157.032036  0.000e+00
    109.917  121.78836   25.16626     51.011     50.676    25.0975    34.1039 157.032036  0.000e+00
    109.958  121.78836   25.16626     51.011     50.676    25.0976    34.1038 157.032037  0.000e+00
    110.000  121.78836   25.16626     51.011     50.676    25.0976    34.1039 157.032037  0.000e+00
    110.042  121.78836   25.16626     50.960     50.626    25.0978    34.1037 157.032038  0.000e+00
    110.083  121.78836   25.16626     50.960     50.626    25.0979    34.1037 157.032038  0.000e+00
    110.125  121.78836   25.16626     50.850     50.517    25.0979    34.1038 157.032038  0.000e+00
    110.167  121.78836   25.16626     50.902     50.567    25.0978    34.1034 157.032039  0.000e+00
    110.208  121.78836   25.16626     50.850     50.517    25.0970    34.1031 157.032039  0.000e+00
    110.250  121.78836   25.16626     50.799     50.466    25.0963    34.1034 157.032040  0.000e+00
    110.292  121.78836   25.16626     50.741     50.408    25.0960    34.1035 157.032040  0.000e+00
    110.333  121.78836   25.16626     50.741     50.408    25.0954    34.1038 157.032041  0.000e+00
    110.375  121.78836   25.16626     50.690     50.357    25.0949    34.1042 157.032041  0.000e+00
    110.417  121.78836   25.16626     50.741     50.408    25.0949    34.1040 157.032042  0.000e+00
    110.458  121.78836   25.16626     50.631     50.299    25.0949    34.1041 157.032042  0.000e+00
    110.500  121.78836   25.16626     50.580     50.248    25.0949    34.1038 157.032043  0.000e+00
    110.542  121.78836   25.16626     50.631     50.299    25.0949    34.1038 157.032043  0.000e+00
    110.583  121.78836   25.16626     50.521     50.190    25.0951    34.1038 157.032044  0.000e+00
    110.625  121.78836   25.16626     50.470     50.139    25.0948    34.1040 157.032044  0.000e+00
    110.667  121.78836   25.16626     50.521     50.190    25.0951    34.1039 157.032045  0.000e+00
    110.708  121.78836   25.16626     50.470     50.139    25.0951    34.1038 157.032045  0.000e+00
    110.750  121.78836   25.16626     50.419     50.088    25.0945    34.1038 157.032046  0.000e+00
    110.792  121.78836   25.16626     50.361     50.030    25.0938    34.1037 157.032046  0.000e+00
    110.833  121.78836   25.16626     50.309     49.979    25.0940    34.1036 157.032047  0.000e+00
    110.875  121.78836   25.16626     50.309     49.979    25.0942    34.1041 157.032047  0.000e+00
    110.917  121.78836   25.16626     50.360     50.030    25.0945    34.1042 157.032048  0.000e+00
    110.958  121.78836   25.16626     50.251     49.921    25.0947    34.1039 157.032048  0.000e+00
    111.000  121.78836   25.16626     50.251     49.921    25.0947    34.1041 157.032049  0.000e+00
    111.042  121.78836   25.16626     50.141     49.812    25.0947    34.1042 157.032049  0.000e+00
    111.083  121.78836   25.16626     50.141     49.812    25.0949    34.1038 157.032050  0.000e+00
    111.125  121.78836   25.16626     50.148     49.819    25.0949    34.1040 157.032050  0.000e+00
    111.167  121.78836   25.16626     50.141     49.812    25.0949    34.1034 157.032051  0.000e+00
    111.208  121.78836   25.16626     50.090     49.761    25.0945    34.1036 157.032051  0.000e+00
    111.250  121.78836   25.16626     50.039     49.710    25.0944    34.1037 157.032052  0.000e+00
    111.292  121.78836   25.16626     49.980     49.652    25.0944    34.1036 157.032052  0.000e+00
    111.333  121.78836   25.16626     49.929     49.601    25.0944    34.1038 157.032052  0.000e+00
    111.375  121.78836   25.16626     50.039     49.710    25.0944    34.1036 157.032053  0.000e+00
    111.417  121.78836   25.16626     49.929     49.601    25.0945    34.1037 157.032053  0.000e+00
    111.458  121.78836   25.16626     49.870     49.543    25.0947    34.1039 157.032054  0.000e+00
    111.500  121.78836   25.16626     49.870     49.543    25.0951    34.1037 157.032054  0.000e+00
    111.542  121.78836   25.16626     49.878     49.550    25.0949    34.1036 157.032055  0.000e+00
    111.583  121.78836   25.16626     49.819     49.492    25.0947    34.1035 157.032055  0.000e+00
    111.625  121.78836   25.16626     49.819     49.492    25.0945    34.1040 157.032056  0.000e+00
    111.667  121.78836   25.16626     49.710     49.383    25.0944    34.1033 157.032056  0.000e+00
    111.708  121.78836   25.16626     49.768     49.441    25.0937    34.1037 157.032057  0.000e+00
    111.750  121.78836   25.16626     49.710     49.383    25.0935    34.1042 157.032057  0.000e+00
    111.792  121.78836   25.16628     49.658     49.333    25.0938    34.1036 157.032058  0.000e+00
    111.833  121.78836   25.16628     49.658     49.332    25.0938    34.1037 157.032058  0.000e+00
    111.875  121.78836   25.16628     49.658     49.332    25.0942    34.1040 157.032059  0.000e+00
    111.917  121.78836   25.16628     49.600     49.274    25.0944    34.1040 157.032059  0.000e+00
    111.958  121.78836   25.16628     49.549     49.224    25.0944    34.1038 157.032060  0.000e+00
    112.000  121.78836   25.16628     49.549     49.224    25.0944    34.1042 157.032060  0.000e+00
    112.042  121.78836   25.16628     49.497     49.173    25.0945    34.1038 157.032061  0.000e+00
    112.083  121.78836   25.16628     49.549     49.223    25.0945    34.1041 157.032061  0.000e+00
    112.125  121.78836   25.16628     49.439     49.115    25.0946    34.1039 157.032062  0.000e+00
    112.167  121.78836   25.16628     49.497     49.173    25.0947    34.1038 157.032062  0.000e+00
    112.208  121.78836   25.16628     49.439     49.115    25.0944    34.1038 157.032063  0.000e+00
    112.250  121.78836   25.16628     49.439     49.115    25.0947    34.1037 157.032063  0.000e+00
    112.292  121.78836   25.16628     49.388     49.064    25.0947    34.1041 157.032064  0.000e+00
    112.333  121.78836   25.16628     49.329     49.006    25.0947    34.1042 157.032064  0.000e+00
    112.375  121.78836   25.16628     49.278     48.955    25.0951    34.1041 157.032065  0.000e+00
    112.417  121.78836   25.16628     49.329     49.006    25.0953    34.1036 157.032065  0.000e+00
    112.458  121.78836   25.16628     49.329     49.006    25.0954    34.1038 157.032065  0.000e+00
    112.500  121.78836   25.16628     49.227     48.904    25.0958    34.1041 157.032066  0.000e+00
    112.542  121.78836   25.16628     49.220     48.897    25.0967    34.1034 157.032066  0.000e+00
    112.583  121.78836   25.16628     49.168     48.846    25.0974    34.1035 157.032067  0.000e+00
    112.625  121.78836   25.16628     49.227     48.904    25.0983    34.1037 157.032067  0.000e+00
    112.667  121.78836   25.16628     49.168     48.846    25.0992    34.1032 157.032068  0.000e+00
    112.708  121.78836   25.16628     49.168     48.846    25.0995    34.1033 157.032068  0.000e+00
    112.750  121.78836   25.16628     49.117     48.795    25.1004    34.1030 157.032069  0.000e+00
    112.792  121.78836   25.16628     49.117     48.795    25.1007    34.1029 157.032069  0.000e+00
    112.833  121.78836   25.16628     49.059     48.737    25.1006    34.1030 157.032070  0.000e+00
    112.875  121.78836   25.16628     49.059     48.737    25.1008    34.1028 157.032070  0.000e+00
    112.917  121.78836   25.16628     49.007     48.686    25.1008    34.1026 157.032071  0.000e+00
    112.958  121.78836   25.16628     49.007     48.686    25.1012    34.1027 157.032071  0.000e+00
    113.000  121.78836   25.16628     49.007     48.686    25.1012    34.1029 157.032072  0.000e+00
    113.042  121.78836   25.16628     48.949     48.628    25.1013    34.1026 157.032072  0.000e+00
    113.083  121.78836   25.16628     48.956     48.635    25.1022    34.1034 157.032073  0.000e+00
    113.125  121.78836   25.16628     48.847     48.526    25.1040    34.1039 157.032073  0.000e+00
    113.167  121.78836   25.16628     48.949     48.628    25.1051    34.1035 157.032074  0.000e+00
    113.208  121.78836   25.16628     48.846     48.526    25.1056    34.1035 157.032074  0.000e+00
    113.250  121.78836   25.16628     48.898     48.577    25.1069    34.1032 157.032075  0.000e+00
    113.292  121.78836   25.16628     48.788     48.468    25.1083    34.1026 157.032075  0.000e+00
