coding/cr2370/ctd/cr2370/c2-1.txt
* Sea-Bird SBE 9 Data File:
* FileName = D:\ctddata\cr2370\C2-1.hex
* Software Version Seasave V 7.20g
* Temperature SN = 6284
* Conductivity SN = 4751
* Number of Bytes Per Scan = 34
* Number of Voltage Words = 5
* Number of Scans Averaged by the Deck Unit = 1
* NMEA Latitude = 25 10.70 N
* NMEA Longitude = 121 47.79 E
* NMEA UTC (Time) = Jun 06 2019  00:59:50
** Ship: OR2
** Station: C2-1
** Operator: CR2370
** 48
** 43
# nquan = 9
# nvalues = 3225                                  
# units = specified
# name 0 = timeS: Time, Elapsed [seconds]
# name 1 = longitude: Longitude [deg]
# name 2 = latitude: Latitude [deg]
# name 3 = prDM: Pressure, Digiquartz [db]
# name 4 = depSM: Depth [salt water, m]
# name 5 = t090C: Temperature [ITS-90, deg C]
# name 6 = sal00: Salinity, Practical [PSU]
# name 7 = timeJ: Julian Days
# name 8 = flag:  0.000e+00
# span 0 =      0.000,    134.333                 
# span 1 =  121.79630,  121.79662                 
# span 2 =   25.17846,   25.17912                 
# span 3 =      1.092,     43.489                 
# span 4 =      1.085,     43.204                 
# span 5 =    19.7154,    25.9313                 
# span 6 =    34.0511,    34.4394                 
# span 7 = 157.041551, 157.043106                 
# span 8 = 0.0000e+00, 0.0000e+00                 
# interval = seconds: 0.0416667
# start_time = Jun 06 2019 00:59:50 [NMEA time, header]
# bad_flag = -9.990e-29
*END*
[from data line 801]
     33.375  121.79652   25.17860     22.217     22.073    25.3865    34.0884 157.041937  0.000e+00
     33.417  121.79652   25.17860     22.378     22.233    25.3869    34.0884 157.041938  0.000e+00
     33.458  121.79652   25.17860     22.327     22.182    25.3874    34.0887 157.041938  0.000e+00
     33.500  121.79652   25.17860     22.378     22.233    25.3877    34.0888 157.041939  0.000e+00
     33.542  121.79652   25.17860     22.429     22.283    25.3885    34.0886 157.041939  0.000e+00
     33.583  121.79652   25.17860     22.429     22.283    25.3888    34.0887 157.041940  0.000e+00
     33.625  121.79652   25.17860     22.487     22.341    25.3888    34.0891 157.041940  0.000e+00
     33.667  121.79652   25.17860     22.597     22.450    25.3890    34.0885 157.041941  0.000e+00
     33.708  121.79652   25.17860     22.539     22.392    25.3892    34.0890 157.041941  0.000e+00
     33.750  121.79652   25.17860     22.539     22.392    25.3890    34.0888 157.041942  0.000e+00
     33.792  121.79652   25.17860     22.670     22.523    25.3892    34.0885 157.041942  0.000e+00
     33.833  121.79652   25.17860     22.699     22.552    25.3890    34.0886 157.041943  0.000e+00
     33.875  121.79652   25.17860     22.758     22.610    25.3892    34.0887 157.041943  0.000e+00
     33.917  121.79652   25.17860     22.758     22.610    25.3892    34.0885 157.041943  0.000e+00
     33.958  121.79652   25.17860     22.809     22.661    25.3888    34.0890 157.041944  0.000e+00
     34.000  121.79652   25.17860     22.867     22.719    25.3883    34.0887 157.041944  0.000e+00
     34.042  121.79652   25.17860     22.918     22.769    25.3874    34.0891 157.041945  0.000e+00
     34.083  121.79652   25.17860     22.867     22.719    25.3872    34.0891 157.041945  0.000e+00
     34.125  121.79652   25.17860     22.977     22.827    25.3867    34.0896 157.041946  0.000e+00
     34.167  121.79652   25.17860     23.079     22.929    25.3863    34.0894 157.041946  0.000e+00
     34.208  121.79652   25.17860     22.977     22.827    25.3858    34.0895 157.041947  0.000e+00
     34.250  121.79652   25.17860     23.079     22.929    25.3856    34.0895 157.041947  0.000e+00
     34.292  121.79652   25.17860     23.189     23.038    25.3854    34.0896 157.041948  0.000e+00
     34.333  121.79652   25.17860     23.189     23.038    25.3852    34.0900 157.041948  0.000e+00
     34.375  121.79652   25.17860     23.101     22.951    25.3856    34.0895 157.041949  0.000e+00
     34.417  121.79652   25.17860     23.247     23.096    25.3858    34.0893 157.041949  0.000e+00
     34.458  121.79652   25.17860     23.189     23.038    25.3856    34.0890 157.041950  0.000e+00
     34.500  121.79652   25.17860     23.349     23.197    25.3852    34.0891 157.041950  0.000e+00
     34.542  121.79652   25.17860     23.349     23.197    25.3850    34.0892 157.041951  0.000e+00
     34.583  121.79652   25.17860     23.349     23.197    25.3852    34.0891 157.041951  0.000e+00
     34.625  121.79652   25.17860     23.349     23.197    25.3854    34.0889 157.041952  0.000e+00
     34.667  121.79652   25.17860     23.459     23.306    25.3858    34.0888 157.041952  0.000e+00
     34.708  121.79652   25.17860     23.459     23.306    25.3856    34.0891 157.041953  0.000e+00
     34.750  121.79652   25.17860     23.568     23.415    25.3858    34.0889 157.041953  0.000e+00
     34.792  121.79652   25.17860     23.517     23.364    25.3856    34.0890 157.041954  0.000e+00
     34.833  121.79652   25.17860     23.619     23.466    25.3852    34.0888 157.041954  0.000e+00
     34.875  121.79652   25.17860     23.641     23.488    25.3847    34.0888 157.041955  0.000e+00
     34.917  121.79652   25.17860     23.619     23.466    25.3840    34.0893 157.041955  0.000e+00
     34.958  121.79652   25.17860     23.678     23.524    25.3838    34.0894 157.041956  0.000e+00
     35.000  121.79652   25.17860     23.729     23.575    25.3842    34.0891 157.041956  0.000e+00
     35.042  121.79652   25.17860     23.729     23.575    25.3838    34.0894 157.041957  0.000e+00
     35.083  121.79652   25.17860     23.787     23.633    25.3836    34.0890 157.041957  0.000e+00
     35.125  121.79652   25.17860     23.839     23.684    25.3833    34.0891 157.041957  0.000e+00
     35.167  121.79652   25.17860     23.839     23.684    25.3829    34.0891 157.041958  0.000e+00
     35.208  121.79652   25.17860     23.839     23.684    25.3824    34.0888 157.041958  0.000e+00
     35.250  121.79652   25.17860     23.948     23.792    25.3813    34.0888 157.041959  0.000e+00
     35.292  121.79652   25.17860     23.948     23.792    25.3813    34.0888 157.041959  0.000e+00
     35.333  121.79652   25.17860     23.963     23.807    25.3818    34.0888 157.041960  0.000e+00
     35.375  121.79652   25.17860     24.058     23.901    25.3817    34.0890 157.041960  0.000e+00
     35.417  121.79652   25.17860     23.999     23.843    25.3820    34.0889 157.041961  0.000e+00
     35.458  121.79652   25.17860     24.058     23.901    25.3820    34.0888 157.041961  0.000e+00
     35.500  121.79652   25.17860     24.109     23.952    25.3786    34.0886 157.041962  0.000e+00
     35.542  121.79652   25.17860     24.160     24.003    25.3740    34.0888 157.041962  0.000e+00
     35.583  121.79652   25.17860     24.160     24.003    25.3725    34.0891 157.041963  0.000e+00
     35.625  121.79652   25.17860     24.218     24.061    25.3732    34.0888 157.041963  0.000e+00
     35.667  121.79652   25.17860     24.218     24.061    25.3714    34.0888 157.041964  0.000e+00
     35.708  121.79652   25.17860     24.269     24.112    25.3686    34.0887 157.041964  0.000e+00
     35.750  121.79652   25.17860     24.291     24.133    25.3670    34.0885 157.041965  0.000e+00
     35.792  121.79652   25.17860     24.328     24.170    25.3662    34.0891 157.041965  0.000e+00
     35.833  121.79652   25.17860     24.379     24.220    25.3664    34.0894 157.041966  0.000e+00
     35.875  121.79652   25.17860     24.379     24.220    25.3661    34.0890 157.041966  0.000e+00
     35.917  121.79652   25.17860     24.437     24.278    25.3648    34.0888 157.041967  0.000e+00
     35.958  121.79652   25.17860     24.437     24.278    25.3627    34.0890 157.041967  0.000e+00
     36.000  121.79652   25.17860     24.488     24.329    25.3618    34.0894 157.041968  0.000e+00
     36.042  121.79652   25.17860     24.488     24.329    25.3618    34.0892 157.041968  0.000e+00
     36.083  121.79652   25.17860     24.598     24.438    25.3620    34.0892 157.041969  0.000e+00
     36.125  121.79652   25.17860     24.540     24.380    25.3609    34.0892 157.041969  0.000e+00
     36.167  121.79652   25.17860     24.613     24.453    25.3589    34.0890 157.041970  0.000e+00
     36.208  121.79652   25.17860     24.649     24.489    25.3579    34.0889 157.041970  0.000e+00
     36.250  121.79652   25.17860     24.649     24.489    25.3577    34.0894 157.041970  0.000e+00
     36.292  121.79652   25.17860     24.708     24.547    25.3578    34.0892 157.041971  0.000e+00
     36.333  121.79652   25.17860     24.759     24.598    25.3573    34.0897 157.041971  0.000e+00
     36.375  121.79652   25.17860     24.759     24.598    25.3568    34.0900 157.041972  0.000e+00
     36.417  121.79652   25.17860     24.759     24.598    25.3562    34.0899 157.041972  0.000e+00
     36.458  121.79652   25.17860     24.868     24.706    25.3556    34.0892 157.041973  0.000e+00
     36.500  121.79652   25.17860     24.810     24.648    25.3544    34.0885 157.041973  0.000e+00
     36.542  121.79652   25.17860     24.883     24.721    25.3528    34.0886 157.041974  0.000e+00
     36.583  121.79652   25.17860     24.919     24.757    25.3519    34.0893 157.041974  0.000e+00
     36.625  121.79652   25.17860     24.978     24.815    25.3516    34.0889 157.041975  0.000e+00
     36.667  121.79652   25.17860     24.978     24.815    25.3512    34.0889 157.041975  0.000e+00
     36.708  121.79652   25.17860     24.978     24.815    25.3514    34.0890 157.041976  0.000e+00
     36.750  121.79652   25.17860     25.080     24.917    25.3517    34.0895 157.041976  0.000e+00
     36.792  121.79652   25.17860     25.080     24.917    25.3515    34.0895 157.041977  0.000e+00
     36.833  121.79652   25.17860     25.080     24.917    25.3516    34.0890 157.041977  0.000e+00
     36.875  121.79652   25.17860     25.102     24.939    25.3516    34.0894 157.041978  0.000e+00
     36.917  121.79652   25.17860     25.190     25.026    25.3523    34.0897 157.041978  0.000e+00
     36.958  121.79652   25.17860     25.190     25.026    25.3519    34.0895 157.041979  0.000e+00
     37.000  121.79652   25.17860     25.248     25.084    25.3514    34.0892 157.041979  0.000e+00
     37.042  121.79652   25.17860     25.248     25.084    25.3503    34.0891 157.041980  0.000e+00
     37.083  121.79652   25.17860     25.299     25.135    25.3480    34.0884 157.041980  0.000e+00
     37.125  121.79652   25.17860     25.358     25.193    25.3453    34.0885 157.041981  0.000e+00
     37.167  121.79652   25.17860     25.358     25.193    25.3432    34.0888 157.041981  0.000e+00
     37.208  121.79652   25.17860     25.372     25.207    25.3426    34.0894 157.041982  0.000e+00
     37.250  121.79652   25.17860     25.460     25.294    25.3423    34.0895 157.041982  0.000e+00
     37.292  121.79652   25.17860     25.409     25.243    25.3417    34.0894 157.041983  0.000e+00
     37.333  121.79652   25.17860     25.518     25.352    25.3412    34.0894 157.041983  0.000e+00
     37.375  121.79652   25.17860     25.518     25.352    25.3403    34.0890 157.041984  0.000e+00
     37.417  121.79652   25.17860     25.569     25.403    25.3396    34.0892 157.041984  0.000e+00
     37.458  121.79652   25.17860     25.569     25.403    25.3390    34.0896 157.041984  0.000e+00
     37.500  121.79652   25.17860     25.628     25.461    25.3387    34.0896 157.041985  0.000e+00
     37.542  121.79652   25.17860     25.693     25.526    25.3383    34.0893 157.041985  0.000e+00
     37.583  121.79652   25.17860     25.679     25.512    25.3381    34.0893 157.041986  0.000e+00
     37.625  121.79652   25.17860     25.730     25.563    25.3374    34.0888 157.041986  0.000e+00
     37.667  121.79652   25.17860     25.788     25.621    25.3344    34.0891 157.041987  0.000e+00
     37.708  121.79652   25.17860     25.840     25.671    25.3312    34.0893 157.041987  0.000e+00
     37.750  121.79652   25.17862     25.840     25.671    25.3284    34.0896 157.041988  0.000e+00
     37.792  121.79652   25.17862     25.898     25.729    25.3267    34.0900 157.041988  0.000e+00
     37.833  121.79652   25.17862     25.913     25.744    25.3249    34.0895 157.041989  0.000e+00
     37.875  121.79652   25.17862     25.949     25.780    25.3233    34.0897 157.041989  0.000e+00
     37.917  121.79652   25.17862     26.000     25.831    25.3222    34.0899 157.041990  0.000e+00
     37.958  121.79652   25.17862     26.059     25.889    25.3219    34.0900 157.041990  0.000e+00
     38.000  121.79652   25.17862     26.059     25.889    25.3219    34.0902 157.041991  0.000e+00
     38.042  121.79652   25.17862     26.110     25.940    25.3222    34.0902 157.041991  0.000e+00
     38.083  121.79652   25.17862     26.059     25.889    25.3224    34.0902 157.041992  0.000e+00
     38.125  121.79652   25.17862     26.183     26.012    25.3219    34.0901 157.041992  0.000e+00
     38.167  121.79652   25.17862     26.219     26.049    25.3206    34.0901 157.041993  0.000e+00
     38.208  121.79652   25.17862     26.270     26.100    25.3199    34.0899 157.041993  0.000e+00
     38.250  121.79652   25.17862     26.219     26.049    25.3197    34.0899 157.041994  0.000e+00
     38.292  121.79652   25.17862     26.329     26.158    25.3192    34.0902 157.041994  0.000e+00
     38.333  121.79652   25.17862     26.270     26.099    25.3194    34.0902 157.041995  0.000e+00
     38.375  121.79652   25.17862     26.380     26.208    25.3194    34.0901 157.041995  0.000e+00
     38.417  121.79652   25.17862     26.343     26.172    25.3195    34.0900 157.041996  0.000e+00
     38.458  121.79652   25.17862     26.490     26.317    25.3188    34.0900 157.041996  0.000e+00
     38.500  121.79652   25.17862     26.438     26.266    25.3179    34.0901 157.041997  0.000e+00
     38.542  121.79652   25.17862     26.490     26.317    25.3181    34.0900 157.041997  0.000e+00
     38.583  121.79652   25.17862     26.599     26.426    25.3183    34.0901 157.041997  0.000e+00
     38.625  121.79652   25.17862     26.599     26.426    25.3188    34.0901 157.041998  0.000e+00
     38.667  121.79652   25.17862     26.548     26.375    25.3190    34.0900 157.041998  0.000e+00
     38.708  121.79652   25.17862     26.723     26.549    25.3194    34.0901 157.041999  0.000e+00
     38.750  121.79652   25.17862     26.650     26.477    25.3195    34.0900 157.041999  0.000e+00
     38.792  121.79652   25.17862     26.760     26.586    25.3194    34.0896 157.042000  0.000e+00
     38.833  121.79652   25.17862     26.760     26.586    25.3192    34.0898 157.042000  0.000e+00
     38.875  121.79652   25.17862     26.760     26.586    25.3194    34.0899 157.042001  0.000e+00
     38.917  121.79652   25.17862     26.818     26.644    25.3192    34.0899 157.042001  0.000e+00
     38.958  121.79652   25.17862     26.833     26.658    25.3190    34.0897 157.042002  0.000e+00
     39.000  121.79652   25.17862     26.920     26.745    25.3181    34.0898 157.042002  0.000e+00
     39.042  121.79652   25.17862     26.869     26.694    25.3177    34.0899 157.042003  0.000e+00
     39.083  121.79652   25.17862     26.979     26.803    25.3170    34.0897 157.042003  0.000e+00
     39.125  121.79652   25.17862     26.979     26.803    25.3167    34.0902 157.042004  0.000e+00
     39.167  121.79652   25.17862     26.979     26.803    25.3168    34.0903 157.042004  0.000e+00
     39.208  121.79652   25.17862     27.045     26.869    25.3170    34.0901 157.042005  0.000e+00
     39.250  121.79652   25.17862     27.088     26.912    25.3176    34.0894 157.042005  0.000e+00
     39.292  121.79652   25.17862     27.140     26.963    25.3176    34.0896 157.042006  0.000e+00
     39.333  121.79652   25.17862     27.140     26.963    25.3174    34.0900 157.042006  0.000e+00
     39.375  121.79652   25.17862     27.191     27.014    25.3176    34.0900 157.042007  0.000e+00
     39.417  121.79652   25.17862     27.191     27.014    25.3181    34.0901 157.042007  0.000e+00
     39.458  121.79652   25.17862     27.264     27.086    25.3188    34.0896 157.042008  0.000e+00
     39.500  121.79652   25.17862     27.249     27.072    25.3185    34.0899 157.042008  0.000e+00
     39.542  121.79652   25.17862     27.300     27.123    25.3185    34.0899 157.042009  0.000e+00
     39.583  121.79652   25.17862     27.359     27.181    25.3186    34.0895 157.042009  0.000e+00
     39.625  121.79652   25.17862     27.359     27.181    25.3186    34.0897 157.042010  0.000e+00
     39.667  121.79652   25.17862     27.410     27.231    25.3190    34.0894 157.042010  0.000e+00
     39.708  121.79652   25.17862     27.424     27.246    25.3186    34.0897 157.042011  0.000e+00
     39.750  121.79652   25.17862     27.519     27.340    25.3195    34.0900 157.042011  0.000e+00
     39.792  121.79652   25.17862     27.461     27.282    25.3204    34.0896 157.042011  0.000e+00
     39.833  121.79652   25.17862     27.519     27.340    25.3201    34.0898 157.042012  0.000e+00
     39.875  121.79652   25.17862     27.629     27.449    25.3204    34.0895 157.042012  0.000e+00
     39.917  121.79652   25.17862     27.570     27.391    25.3206    34.0887 157.042013  0.000e+00
     39.958  121.79652   25.17862     27.643     27.464    25.3192    34.0893 157.042013  0.000e+00
