coding/cr2370/ctd/cr2370/c2-1.txt
* Sea-Bird SBE 9 Data File:
* FileName = D:\ctddata\cr2370\C2-1.hex
* Software Version Seasave V 7.20g
* Temperature SN = 6284
* Conductivity SN = 4751
* Number of Bytes Per Scan = 34
* Number of Voltage Words = 5
* Number of Scans Averaged by the Deck Unit = 1
* NMEA Latitude = 25 10.70 N
* NMEA Longitude = 121 47.79 E
* NMEA UTC (Time) = Jun 06 2019  00:59:50
** Ship: OR2
** Station: C2-1
** Operator: CR2370
** 48
** 43
# nquan = 9
# nvalues = 3225                                  
# units = specified
# name 0 = timeS: Time, Elapsed [seconds]
# name 1 = longitude: Longitude [deg]
# name 2 = latitude: Latitude [deg]
# name 3 = prDM: Pressure, Digiquartz [db]
# name 4 = depSM: Depth [salt water, m]
# name 5 = t090C: Temperature [ITS-90, deg C]
# name 6 = sal00: Salinity, Practical [PSU]
# name 7 = timeJ: Julian Days
# name 8 = flag:  0.000e+00
# span 0 =      0.000,    134.333                 
# span 1 =  121.79630,  121.79662                 
# span 2 =   25.17846,   25.17912                 
# span 3 =      1.092,     43.489                 
# span 4 =      1.085,     43.204                 
# span 5 =    19.7154,    25.9313                 
# span 6 =    34.0511,    34.4394                 
# span 7 = 157.041551, 157.043106                 
# span 8 = 0.0000e+00, 0.0000e+00                 
# interval = seconds: 0.0416667
# start_time = Jun 06 2019 00:59:50 [NMEA time, header]
# bad_flag = -9.990e-29
*END*
[from data line 1121]
     46.708  121.79650   25.17866     32.983     32.768    25.2709    34.0952 157.042092  0.000e+00
     46.750  121.79650   25.17866     33.041     32.826    25.2710    34.0949 157.042092  0.000e+00
     46.792  121.79650   25.17866     33.092     32.877    25.2709    34.0952 157.042092  0.000e+00
     46.833  121.79650   25.17866     33.049     32.833    25.2707    34.0952 157.042093  0.000e+00
     46.875  121.79650   25.17866     33.151     32.935    25.2705    34.0949 157.042093  0.000e+00
     46.917  121.79650   25.17866     33.202     32.985    25.2705    34.0951 157.042094  0.000e+00
     46.958  121.79650   25.17866     33.158     32.942    25.2705    34.0955 157.042094  0.000e+00
     47.000  121.79650   25.17866     33.253     33.036    25.2707    34.0953 157.042095  0.000e+00
     47.042  121.79650   25.17866     33.202     32.985    25.2705    34.0955 157.042095  0.000e+00
     47.083  121.79650   25.17866     33.319     33.102    25.2707    34.0952 157.042096  0.000e+00
     47.125  121.79650   25.17866     33.363     33.145    25.2709    34.0951 157.042096  0.000e+00
     47.167  121.79650   25.17866     33.363     33.145    25.2707    34.0953 157.042097  0.000e+00
     47.208  121.79650   25.17866     33.363     33.145    25.2705    34.0950 157.042097  0.000e+00
     47.250  121.79650   25.17866     33.428     33.210    25.2698    34.0951 157.042098  0.000e+00
     47.292  121.79650   25.17866     33.472     33.254    25.2700    34.0953 157.042098  0.000e+00
     47.333  121.79650   25.17866     33.472     33.254    25.2696    34.0952 157.042099  0.000e+00
     47.375  121.79650   25.17866     33.538     33.319    25.2693    34.0950 157.042099  0.000e+00
     47.417  121.79650   25.17866     33.582     33.363    25.2689    34.0952 157.042100  0.000e+00
     47.458  121.79650   25.17866     33.582     33.363    25.2693    34.0950 157.042100  0.000e+00
     47.500  121.79650   25.17866     33.648     33.428    25.2687    34.0943 157.042101  0.000e+00
     47.542  121.79650   25.17866     33.691     33.472    25.2646    34.0943 157.042101  0.000e+00
     47.583  121.79650   25.17866     33.633     33.414    25.2585    34.0939 157.042102  0.000e+00
     47.625  121.79650   25.17866     33.750     33.530    25.2528    34.0945 157.042102  0.000e+00
     47.667  121.79650   25.17866     33.743     33.522    25.2501    34.0955 157.042103  0.000e+00
     47.708  121.79650   25.17866     33.801     33.580    25.2490    34.0954 157.042103  0.000e+00
     47.750  121.79648   25.17866     33.852     33.631    25.2473    34.0959 157.042104  0.000e+00
     47.792  121.79648   25.17866     33.808     33.588    25.2462    34.0959 157.042104  0.000e+00
     47.833  121.79648   25.17866     33.903     33.682    25.2449    34.0959 157.042105  0.000e+00
     47.875  121.79648   25.17866     33.962     33.740    25.2441    34.0964 157.042105  0.000e+00
     47.917  121.79648   25.17866     33.918     33.697    25.2441    34.0961 157.042106  0.000e+00
     47.958  121.79648   25.17866     34.013     33.791    25.2444    34.0959 157.042106  0.000e+00
     48.000  121.79648   25.17866     34.071     33.849    25.2445    34.0965 157.042106  0.000e+00
     48.042  121.79648   25.17866     34.027     33.805    25.2457    34.0962 157.042107  0.000e+00
     48.083  121.79648   25.17866     34.122     33.900    25.2458    34.0963 157.042107  0.000e+00
     48.125  121.79648   25.17866     34.174     33.951    25.2457    34.0961 157.042108  0.000e+00
     48.167  121.79648   25.17866     34.188     33.965    25.2458    34.0961 157.042108  0.000e+00
     48.208  121.79648   25.17866     34.174     33.951    25.2462    34.0963 157.042109  0.000e+00
     48.250  121.79648   25.17866     34.232     34.009    25.2474    34.0958 157.042109  0.000e+00
     48.292  121.79648   25.17866     34.298     34.074    25.2478    34.0958 157.042110  0.000e+00
     48.333  121.79648   25.17866     34.283     34.059    25.2478    34.0955 157.042110  0.000e+00
     48.375  121.79648   25.17866     34.342     34.117    25.2479    34.0957 157.042111  0.000e+00
     48.417  121.79648   25.17866     34.400     34.176    25.2480    34.0955 157.042111  0.000e+00
     48.458  121.79648   25.17866     34.444     34.219    25.2480    34.0958 157.042112  0.000e+00
     48.500  121.79648   25.17866     34.393     34.168    25.2479    34.0959 157.042112  0.000e+00
     48.542  121.79648   25.17866     34.510     34.284    25.2480    34.0958 157.042113  0.000e+00
     48.583  121.79648   25.17866     34.502     34.277    25.2483    34.0960 157.042113  0.000e+00
     48.625  121.79648   25.17866     34.612     34.386    25.2491    34.0958 157.042114  0.000e+00
     48.667  121.79648   25.17866     34.568     34.342    25.2491    34.0955 157.042114  0.000e+00
     48.708  121.79648   25.17866     34.612     34.386    25.2491    34.0956 157.042115  0.000e+00
     48.750  121.79648   25.17866     34.663     34.437    25.2491    34.0958 157.042115  0.000e+00
     48.792  121.79648   25.17866     34.729     34.502    25.2490    34.0959 157.042116  0.000e+00
     48.833  121.79648   25.17866     34.721     34.495    25.2491    34.0959 157.042116  0.000e+00
     48.875  121.79648   25.17866     34.773     34.546    25.2487    34.0956 157.042117  0.000e+00
     48.917  121.79648   25.17866     34.780     34.553    25.2479    34.0956 157.042117  0.000e+00
     48.958  121.79648   25.17866     34.824     34.596    25.2480    34.0957 157.042118  0.000e+00
     49.000  121.79648   25.17866     34.824     34.596    25.2485    34.0960 157.042118  0.000e+00
     49.042  121.79648   25.17866     34.889     34.662    25.2492    34.0955 157.042119  0.000e+00
     49.083  121.79648   25.17866     34.933     34.705    25.2486    34.0953 157.042119  0.000e+00
     49.125  121.79648   25.17866     34.933     34.705    25.2473    34.0957 157.042120  0.000e+00
     49.167  121.79648   25.17866     34.999     34.771    25.2464    34.0955 157.042120  0.000e+00
     49.208  121.79648   25.17866     34.992     34.763    25.2445    34.0959 157.042120  0.000e+00
     49.250  121.79648   25.17866     35.094     34.865    25.2433    34.0956 157.042121  0.000e+00
     49.292  121.79648   25.17866     35.050     34.821    25.2421    34.0958 157.042121  0.000e+00
     49.333  121.79648   25.17866     35.094     34.865    25.2411    34.0961 157.042122  0.000e+00
     49.375  121.79648   25.17866     35.152     34.923    25.2410    34.0958 157.042122  0.000e+00
     49.417  121.79648   25.17866     35.211     34.981    25.2399    34.0956 157.042123  0.000e+00
     49.458  121.79648   25.17866     35.204     34.974    25.2379    34.0959 157.042123  0.000e+00
     49.500  121.79648   25.17866     35.204     34.974    25.2364    34.0957 157.042124  0.000e+00
     49.542  121.79648   25.17866     35.269     35.039    25.2333    34.0957 157.042124  0.000e+00
     49.583  121.79648   25.17866     35.313     35.083    25.2280    34.0962 157.042125  0.000e+00
     49.625  121.79648   25.17866     35.313     35.083    25.2232    34.0968 157.042125  0.000e+00
     49.667  121.79648   25.17866     35.320     35.090    25.2190    34.0972 157.042126  0.000e+00
     49.708  121.79648   25.17866     35.364     35.133    25.2146    34.0978 157.042126  0.000e+00
     49.750  121.79648   25.17868     35.423     35.191    25.2109    34.0981 157.042127  0.000e+00
     49.792  121.79648   25.17868     35.430     35.199    25.2085    34.0986 157.042127  0.000e+00
     49.833  121.79648   25.17868     35.474     35.242    25.2073    34.0988 157.042128  0.000e+00
     49.875  121.79648   25.17868     35.532     35.300    25.2069    34.0994 157.042128  0.000e+00
     49.917  121.79648   25.17868     35.540     35.308    25.2070    34.0993 157.042129  0.000e+00
     49.958  121.79648   25.17868     35.532     35.300    25.2069    34.0990 157.042129  0.000e+00
     50.000  121.79648   25.17868     35.591     35.358    25.2062    34.0990 157.042130  0.000e+00
     50.042  121.79648   25.17868     35.642     35.409    25.2056    34.0993 157.042130  0.000e+00
     50.083  121.79648   25.17868     35.642     35.409    25.2051    34.0994 157.042131  0.000e+00
     50.125  121.79648   25.17868     35.700     35.467    25.2050    34.0991 157.042131  0.000e+00
     50.167  121.79648   25.17868     35.693     35.460    25.2050    34.0993 157.042132  0.000e+00
     50.208  121.79648   25.17868     35.744     35.511    25.2045    34.0990 157.042132  0.000e+00
     50.250  121.79648   25.17868     35.810     35.576    25.2032    34.0993 157.042133  0.000e+00
     50.292  121.79648   25.17868     35.803     35.569    25.2009    34.0987 157.042133  0.000e+00
     50.333  121.79648   25.17868     35.912     35.678    25.1978    34.0991 157.042133  0.000e+00
     50.375  121.79648   25.17868     35.759     35.525    25.1953    34.0996 157.042134  0.000e+00
     50.417  121.79648   25.17868     35.963     35.729    25.1933    34.0995 157.042134  0.000e+00
     50.458  121.79648   25.17868     35.963     35.729    25.1905    34.0996 157.042135  0.000e+00
     50.500  121.79648   25.17868     35.920     35.685    25.1882    34.0996 157.042135  0.000e+00
     50.542  121.79648   25.17868     36.014     35.779    25.1858    34.0998 157.042136  0.000e+00
     50.583  121.79648   25.17868     36.029     35.794    25.1837    34.1000 157.042136  0.000e+00
     50.625  121.79648   25.17868     36.073     35.837    25.1821    34.0999 157.042137  0.000e+00
     50.667  121.79648   25.17868     36.073     35.837    25.1808    34.0998 157.042137  0.000e+00
     50.708  121.79648   25.17868     36.190     35.953    25.1791    34.0994 157.042138  0.000e+00
     50.750  121.79648   25.17868     36.124     35.888    25.1760    34.0994 157.042138  0.000e+00
     50.792  121.79648   25.17868     36.234     35.997    25.1728    34.0992 157.042139  0.000e+00
     50.833  121.79648   25.17868     36.241     36.004    25.1705    34.0991 157.042139  0.000e+00
     50.875  121.79648   25.17868     36.234     35.997    25.1686    34.0994 157.042140  0.000e+00
     50.917  121.79648   25.17868     36.351     36.113    25.1677    34.0996 157.042140  0.000e+00
     50.958  121.79648   25.17868     36.285     36.048    25.1664    34.0997 157.042141  0.000e+00
     51.000  121.79648   25.17868     36.394     36.157    25.1654    34.0993 157.042141  0.000e+00
     51.042  121.79648   25.17868     36.402     36.164    25.1640    34.0993 157.042142  0.000e+00
     51.083  121.79648   25.17868     36.504     36.266    25.1625    34.0990 157.042142  0.000e+00
     51.125  121.79648   25.17868     36.453     36.215    25.1602    34.0986 157.042143  0.000e+00
     51.167  121.79648   25.17868     36.511     36.273    25.1561    34.0983 157.042143  0.000e+00
     51.208  121.79648   25.17868     36.562     36.324    25.1525    34.0983 157.042144  0.000e+00
     51.250  121.79648   25.17868     36.614     36.374    25.1495    34.0984 157.042144  0.000e+00
     51.292  121.79648   25.17868     36.672     36.432    25.1454    34.0985 157.042145  0.000e+00
     51.333  121.79648   25.17868     36.614     36.374    25.1400    34.0983 157.042145  0.000e+00
     51.375  121.79648   25.17868     36.730     36.491    25.1341    34.0982 157.042146  0.000e+00
     51.417  121.79648   25.17868     36.774     36.534    25.1289    34.0991 157.042146  0.000e+00
     51.458  121.79648   25.17868     36.774     36.534    25.1258    34.0926 157.042147  0.000e+00
     51.500  121.79648   25.17868     36.782     36.541    25.1219    34.0838 157.042147  0.000e+00
     51.542  121.79648   25.17868     36.884     36.643    25.1173    34.0948 157.042147  0.000e+00
     51.583  121.79648   25.17868     36.891     36.650    25.1130    34.0993 157.042148  0.000e+00
     51.625  121.79648   25.17868     36.935     36.694    25.1092    34.1000 157.042148  0.000e+00
     51.667  121.79648   25.17868     36.993     36.752    25.1069    34.0999 157.042149  0.000e+00
     51.708  121.79648   25.17868     36.942     36.701    25.1047    34.1001 157.042149  0.000e+00
     51.750  121.79648   25.17868     37.103     36.861    25.1010    34.1001 157.042150  0.000e+00
     51.792  121.79648   25.17868     37.045     36.803    25.0953    34.0998 157.042150  0.000e+00
     51.833  121.79648   25.17868     37.162     36.919    25.0888    34.1000 157.042151  0.000e+00
     51.875  121.79648   25.17868     37.154     36.911    25.0827    34.1006 157.042151  0.000e+00
     51.917  121.79648   25.17868     37.220     36.977    25.0747    34.1007 157.042152  0.000e+00
     51.958  121.79648   25.17868     37.205     36.962    25.0641    34.1014 157.042152  0.000e+00
     52.000  121.79648   25.17868     37.315     37.071    25.0536    34.1018 157.042153  0.000e+00
     52.042  121.79648   25.17868     37.271     37.028    25.0393    34.1004 157.042153  0.000e+00
     52.083  121.79648   25.17868     37.315     37.071    25.0141    34.1004 157.042154  0.000e+00
     52.125  121.79648   25.17868     37.432     37.187    24.9808    34.1039 157.042154  0.000e+00
     52.167  121.79648   25.17868     37.425     37.180    24.9473    34.1071 157.042155  0.000e+00
     52.208  121.79648   25.17868     37.425     37.180    24.9162    34.1104 157.042155  0.000e+00
     52.250  121.79648   25.17868     37.432     37.187    24.8934    34.1125 157.042156  0.000e+00
     52.292  121.79648   25.17868     37.534     37.289    24.8757    34.1151 157.042156  0.000e+00
     52.333  121.79648   25.17868     37.541     37.296    24.8638    34.1164 157.042157  0.000e+00
     52.375  121.79648   25.17868     37.644     37.398    24.8536    34.1176 157.042157  0.000e+00
     52.417  121.79648   25.17868     37.585     37.340    24.8434    34.1183 157.042158  0.000e+00
     52.458  121.79648   25.17868     37.651     37.405    24.8354    34.1197 157.042158  0.000e+00
     52.500  121.79648   25.17868     37.695     37.449    24.8345    34.1204 157.042159  0.000e+00
     52.542  121.79648   25.17868     37.702     37.456    24.8346    34.1211 157.042159  0.000e+00
     52.583  121.79648   25.17868     37.753     37.507    24.8350    34.1207 157.042160  0.000e+00
     52.625  121.79648   25.17868     37.804     37.557    24.8346    34.1211 157.042160  0.000e+00
     52.667  121.79648   25.17868     37.812     37.565    24.8343    34.1210 157.042160  0.000e+00
     52.708  121.79648   25.17868     37.856     37.608    24.8343    34.1205 157.042161  0.000e+00
     52.750  121.79648   25.17868     37.863     37.615    24.8325    34.1199 157.042161  0.000e+00
     52.792  121.79648   25.17868     37.914     37.666    24.8275    34.1194 157.042162  0.000e+00
     52.833  121.79648   25.17868     37.965     37.717    24.8200    34.1196 157.042162  0.000e+00
     52.875  121.79648   25.17868     37.921     37.674    24.8113    34.1212 157.042163  0.000e+00
     52.917  121.79648   25.17868     38.024     37.775    24.8058    34.1218 157.042163  0.000e+00
     52.958  121.79648   25.17868     38.031     37.782    24.8018    34.1225 157.042164  0.000e+00
     53.000  121.79648   25.17868     38.024     37.775    24.7991    34.1226 157.042164  0.000e+00
     53.042  121.79648   25.17868     38.075     37.826    24.7965    34.1227 157.042165  0.000e+00
     53.083  121.79648   25.17868     38.133     37.884    24.7950    34.1230 157.042165  0.000e+00
     53.125  121.79648   25.17868     38.184     37.935    24.7947    34.1235 157.042166  0.000e+00
     53.167  121.79648   25.17868     38.192     37.942    24.7954    34.1231 157.042166  0.000e+00
     53.208  121.79648   25.17868     38.184     37.935    24.7957    34.1230 157.042167  0.000e+00
     53.250  121.79648   25.17868     38.294     38.044    24.7961    34.1230 157.042167  0.000e+00
     53.292  121.79648   25.17868     38.243     37.993    24.7967    34.1227 157.042168  0.000e+00
