coding/cr2370/ctd/cr2370/c2-1.txt
* Sea-Bird SBE 9 Data File:
* FileName = D:\ctddata\cr2370\C2-1.hex
* Software Version Seasave V 7.20g
* Temperature SN = 6284
* Conductivity SN = 4751
* Number of Bytes Per Scan = 34
* Number of Voltage Words = 5
* Number of Scans Averaged by the Deck Unit = 1
* NMEA Latitude = 25 10.70 N
* NMEA Longitude = 121 47.79 E
* NMEA UTC (Time) = Jun 06 2019  00:59:50
** Ship: OR2
** Station: C2-1
** Operator: CR2370
** 48
** 43
# nquan = 9
# nvalues = 3225                                  
# units = specified
# name 0 = timeS: Time, Elapsed [seconds]
# name 1 = longitude: Longitude [deg]
# name 2 = latitude: Latitude [deg]
# name 3 = prDM: Pressure, Digiquartz [db]
# name 4 = depSM: Depth [salt water, m]
# name 5 = t090C: Temperature [ITS-90, deg C]
# name 6 = sal00: Salinity, Practical [PSU]
# name 7 = timeJ: Julian Days
# name 8 = flag:  0.000e+00
# span 0 =      0.000,    134.333                 
# span 1 =  121.79630,  121.79662                 
# span 2 =   25.17846,   25.17912                 
# span 3 =      1.092,     43.489                 
# span 4 =      1.085,     43.204                 
# span 5 =    19.7154,    25.9313                 
# span 6 =    34.0511,    34.4394                 
# span 7 = 157.041551, 157.043106                 
# span 8 = 0.0000e+00, 0.0000e+00                 
# interval = seconds: 0.0416667
# start_time = Jun 06 2019 00:59:50 [NMEA time, header]
# bad_flag = -9.990e-29
*END*
[from data line 481]
     20.042  121.79656   25.17854     11.775     11.699    25.5147    34.0782 157.041783  0.000e+00
     20.083  121.79656   25.17854     11.775     11.699    25.5148    34.0785 157.041783  0.000e+00
     20.125  121.79656   25.17854     11.833     11.757    25.5145    34.0783 157.041784  0.000e+00
     20.167  121.79656   25.17854     11.855     11.779    25.5142    34.0779 157.041784  0.000e+00
     20.208  121.79656   25.17854     11.885     11.808    25.5136    34.0782 157.041785  0.000e+00
     20.250  121.79656   25.17854     11.936     11.858    25.5129    34.0782 157.041785  0.000e+00
     20.292  121.79656   25.17854     11.936     11.858    25.5116    34.0783 157.041786  0.000e+00
     20.333  121.79656   25.17854     12.045     11.967    25.5103    34.0783 157.041786  0.000e+00
     20.375  121.79656   25.17854     11.994     11.916    25.5095    34.0782 157.041787  0.000e+00
     20.417  121.79656   25.17854     12.023     11.945    25.5080    34.0782 157.041787  0.000e+00
     20.458  121.79656   25.17854     12.155     12.076    25.5075    34.0778 157.041788  0.000e+00
     20.500  121.79656   25.17854     12.104     12.025    25.5068    34.0783 157.041788  0.000e+00
     20.542  121.79656   25.17854     12.155     12.076    25.5068    34.0784 157.041789  0.000e+00
     20.583  121.79656   25.17854     12.206     12.127    25.5070    34.0780 157.041789  0.000e+00
     20.625  121.79656   25.17854     12.206     12.127    25.5070    34.0780 157.041790  0.000e+00
     20.667  121.79656   25.17854     12.184     12.105    25.5064    34.0779 157.041790  0.000e+00
     20.708  121.79656   25.17854     12.315     12.236    25.5066    34.0775 157.041791  0.000e+00
     20.750  121.79656   25.17854     12.315     12.236    25.5066    34.0780 157.041791  0.000e+00
     20.792  121.79656   25.17854     12.315     12.236    25.5066    34.0780 157.041792  0.000e+00
     20.833  121.79656   25.17854     12.374     12.294    25.5057    34.0776 157.041792  0.000e+00
     20.875  121.79656   25.17854     12.425     12.344    25.5055    34.0771 157.041793  0.000e+00
     20.917  121.79656   25.17854     12.454     12.373    25.5052    34.0771 157.041793  0.000e+00
     20.958  121.79656   25.17854     12.425     12.344    25.5047    34.0776 157.041793  0.000e+00
     21.000  121.79656   25.17854     12.534     12.453    25.5039    34.0777 157.041794  0.000e+00
     21.042  121.79656   25.17854     12.476     12.395    25.5032    34.0777 157.041794  0.000e+00
     21.083  121.79656   25.17854     12.586     12.504    25.5025    34.0775 157.041795  0.000e+00
     21.125  121.79656   25.17854     12.644     12.562    25.5029    34.0773 157.041795  0.000e+00
     21.167  121.79656   25.17854     12.564     12.482    25.5027    34.0776 157.041796  0.000e+00
     21.208  121.79656   25.17854     12.586     12.504    25.5028    34.0776 157.041796  0.000e+00
     21.250  121.79656   25.17854     12.695     12.613    25.5025    34.0777 157.041797  0.000e+00
     21.292  121.79656   25.17854     12.695     12.613    25.5012    34.0777 157.041797  0.000e+00
     21.333  121.79656   25.17854     12.695     12.613    25.4998    34.0772 157.041798  0.000e+00
     21.375  121.79656   25.17854     12.805     12.722    25.4987    34.0768 157.041798  0.000e+00
     21.417  121.79656   25.17854     12.834     12.751    25.4980    34.0767 157.041799  0.000e+00
     21.458  121.79656   25.17854     12.746     12.664    25.4971    34.0772 157.041799  0.000e+00
     21.500  121.79656   25.17854     12.914     12.831    25.4964    34.0774 157.041800  0.000e+00
     21.542  121.79656   25.17854     12.856     12.772    25.4952    34.0771 157.041800  0.000e+00
     21.583  121.79656   25.17854     12.914     12.831    25.4937    34.0769 157.041801  0.000e+00
     21.625  121.79656   25.17854     12.965     12.881    25.4925    34.0765 157.041801  0.000e+00
     21.667  121.79656   25.17854     13.024     12.939    25.4917    34.0769 157.041802  0.000e+00
     21.708  121.79656   25.17854     12.994     12.910    25.4912    34.0767 157.041802  0.000e+00
     21.750  121.79654   25.17856     13.075     12.990    25.4901    34.0770 157.041803  0.000e+00
     21.792  121.79654   25.17856     13.075     12.990    25.4885    34.0769 157.041803  0.000e+00
     21.833  121.79654   25.17856     13.126     13.041    25.4859    34.0771 157.041804  0.000e+00
     21.875  121.79654   25.17856     13.184     13.099    25.4840    34.0765 157.041804  0.000e+00
     21.917  121.79654   25.17856     13.126     13.041    25.4824    34.0763 157.041805  0.000e+00
     21.958  121.79654   25.17856     13.235     13.150    25.4805    34.0765 157.041805  0.000e+00
     22.000  121.79654   25.17856     13.214     13.128    25.4786    34.0763 157.041806  0.000e+00
     22.042  121.79654   25.17856     13.294     13.208    25.4763    34.0771 157.041806  0.000e+00
     22.083  121.79654   25.17856     13.396     13.309    25.4740    34.0772 157.041807  0.000e+00
     22.125  121.79654   25.17856     13.345     13.259    25.4712    34.0772 157.041807  0.000e+00
     22.167  121.79654   25.17856     13.345     13.259    25.4690    34.0776 157.041807  0.000e+00
     22.208  121.79654   25.17856     13.455     13.367    25.4678    34.0775 157.041808  0.000e+00
     22.250  121.79654   25.17856     13.396     13.309    25.4665    34.0775 157.041808  0.000e+00
     22.292  121.79654   25.17856     13.484     13.396    25.4654    34.0776 157.041809  0.000e+00
     22.333  121.79654   25.17856     13.564     13.476    25.4653    34.0780 157.041809  0.000e+00
     22.375  121.79654   25.17856     13.564     13.476    25.4660    34.0776 157.041810  0.000e+00
     22.417  121.79654   25.17856     13.615     13.527    25.4660    34.0776 157.041810  0.000e+00
     22.458  121.79654   25.17856     13.564     13.476    25.4656    34.0782 157.041811  0.000e+00
     22.500  121.79654   25.17856     13.725     13.636    25.4654    34.0781 157.041811  0.000e+00
     22.542  121.79654   25.17856     13.725     13.636    25.4648    34.0780 157.041812  0.000e+00
     22.583  121.79654   25.17856     13.695     13.607    25.4645    34.0783 157.041812  0.000e+00
     22.625  121.79654   25.17856     13.776     13.687    25.4644    34.0785 157.041813  0.000e+00
     22.667  121.79654   25.17856     13.776     13.687    25.4645    34.0781 157.041813  0.000e+00
     22.708  121.79654   25.17856     13.834     13.745    25.4640    34.0784 157.041814  0.000e+00
     22.750  121.79654   25.17856     13.885     13.795    25.4642    34.0787 157.041814  0.000e+00
     22.792  121.79654   25.17856     13.936     13.846    25.4644    34.0783 157.041815  0.000e+00
     22.833  121.79654   25.17856     13.936     13.846    25.4640    34.0781 157.041815  0.000e+00
     22.875  121.79654   25.17856     13.995     13.904    25.4637    34.0781 157.041816  0.000e+00
     22.917  121.79654   25.17856     14.024     13.933    25.4633    34.0785 157.041816  0.000e+00
     22.958  121.79654   25.17856     14.104     14.013    25.4635    34.0779 157.041817  0.000e+00
     23.000  121.79654   25.17856     14.104     14.013    25.4631    34.0783 157.041817  0.000e+00
     23.042  121.79654   25.17856     14.104     14.013    25.4630    34.0785 157.041818  0.000e+00
     23.083  121.79654   25.17856     14.207     14.115    25.4633    34.0787 157.041818  0.000e+00
     23.125  121.79654   25.17856     14.156     14.064    25.4633    34.0786 157.041819  0.000e+00
     23.167  121.79654   25.17856     14.265     14.173    25.4633    34.0785 157.041819  0.000e+00
     23.208  121.79654   25.17856     14.265     14.173    25.4630    34.0783 157.041820  0.000e+00
     23.250  121.79654   25.17856     14.345     14.252    25.4610    34.0788 157.041820  0.000e+00
     23.292  121.79654   25.17856     14.375     14.281    25.4588    34.0788 157.041821  0.000e+00
     23.333  121.79654   25.17856     14.426     14.332    25.4569    34.0790 157.041821  0.000e+00
     23.375  121.79654   25.17856     14.375     14.281    25.4558    34.0794 157.041821  0.000e+00
     23.417  121.79654   25.17856     14.477     14.383    25.4551    34.0796 157.041822  0.000e+00
     23.458  121.79654   25.17856     14.477     14.383    25.4545    34.0797 157.041822  0.000e+00
     23.500  121.79654   25.17856     14.535     14.441    25.4542    34.0803 157.041823  0.000e+00
     23.542  121.79654   25.17856     14.535     14.441    25.4538    34.0800 157.041823  0.000e+00
     23.583  121.79654   25.17856     14.564     14.470    25.4536    34.0799 157.041824  0.000e+00
     23.625  121.79654   25.17856     14.645     14.550    25.4534    34.0803 157.041824  0.000e+00
     23.667  121.79654   25.17856     14.696     14.601    25.4531    34.0802 157.041825  0.000e+00
     23.708  121.79654   25.17856     14.696     14.601    25.4526    34.0801 157.041825  0.000e+00
     23.750  121.79654   25.17856     14.696     14.601    25.4520    34.0805 157.041826  0.000e+00
     23.792  121.79654   25.17856     14.805     14.709    25.4524    34.0802 157.041826  0.000e+00
     23.833  121.79654   25.17856     14.805     14.709    25.4520    34.0802 157.041827  0.000e+00
     23.875  121.79654   25.17856     14.805     14.709    25.4517    34.0803 157.041827  0.000e+00
     23.917  121.79654   25.17856     14.857     14.760    25.4509    34.0804 157.041828  0.000e+00
     23.958  121.79654   25.17856     14.857     14.760    25.4506    34.0803 157.041828  0.000e+00
     24.000  121.79654   25.17856     14.995     14.898    25.4504    34.0803 157.041829  0.000e+00
     24.042  121.79654   25.17856     14.915     14.818    25.4508    34.0802 157.041829  0.000e+00
     24.083  121.79654   25.17856     14.966     14.869    25.4509    34.0802 157.041830  0.000e+00
     24.125  121.79654   25.17856     15.024     14.927    25.4488    34.0801 157.041830  0.000e+00
     24.167  121.79654   25.17856     15.076     14.978    25.4454    34.0802 157.041831  0.000e+00
     24.208  121.79654   25.17856     15.076     14.978    25.4426    34.0805 157.041831  0.000e+00
     24.250  121.79654   25.17856     15.076     14.978    25.4409    34.0806 157.041832  0.000e+00
     24.292  121.79654   25.17856     15.185     15.087    25.4397    34.0808 157.041832  0.000e+00
     24.333  121.79654   25.17856     15.185     15.087    25.4387    34.0812 157.041833  0.000e+00
     24.375  121.79654   25.17856     15.265     15.167    25.4384    34.0814 157.041833  0.000e+00
     24.417  121.79654   25.17856     15.295     15.196    25.4380    34.0814 157.041834  0.000e+00
     24.458  121.79654   25.17856     15.295     15.196    25.4377    34.0819 157.041834  0.000e+00
     24.500  121.79654   25.17856     15.295     15.196    25.4378    34.0817 157.041834  0.000e+00
     24.542  121.79654   25.17856     15.346     15.246    25.4376    34.0816 157.041835  0.000e+00
     24.583  121.79654   25.17856     15.397     15.297    25.4371    34.0814 157.041835  0.000e+00
     24.625  121.79654   25.17856     15.397     15.297    25.4370    34.0810 157.041836  0.000e+00
     24.667  121.79654   25.17856     15.455     15.355    25.4360    34.0814 157.041836  0.000e+00
     24.708  121.79654   25.17856     15.506     15.406    25.4354    34.0814 157.041837  0.000e+00
     24.750  121.79654   25.17856     15.506     15.406    25.4344    34.0817 157.041837  0.000e+00
     24.792  121.79654   25.17856     15.565     15.464    25.4335    34.0813 157.041838  0.000e+00
     24.833  121.79654   25.17856     15.536     15.435    25.4319    34.0820 157.041838  0.000e+00
     24.875  121.79654   25.17856     15.616     15.515    25.4320    34.0818 157.041839  0.000e+00
     24.917  121.79654   25.17856     15.667     15.566    25.4323    34.0818 157.041839  0.000e+00
     24.958  121.79654   25.17856     15.667     15.565    25.4318    34.0818 157.041840  0.000e+00
     25.000  121.79654   25.17856     15.667     15.565    25.4308    34.0816 157.041840  0.000e+00
     25.042  121.79654   25.17856     15.725     15.624    25.4307    34.0817 157.041841  0.000e+00
     25.083  121.79654   25.17856     15.835     15.732    25.4299    34.0817 157.041841  0.000e+00
     25.125  121.79654   25.17856     15.725     15.624    25.4292    34.0822 157.041842  0.000e+00
     25.167  121.79654   25.17856     15.835     15.732    25.4290    34.0822 157.041842  0.000e+00
     25.208  121.79654   25.17856     15.886     15.783    25.4285    34.0820 157.041843  0.000e+00
     25.250  121.79654   25.17856     15.886     15.783    25.4279    34.0820 157.041843  0.000e+00
     25.292  121.79654   25.17856     15.915     15.812    25.4283    34.0821 157.041844  0.000e+00
     25.333  121.79654   25.17856     15.996     15.892    25.4286    34.0820 157.041844  0.000e+00
     25.375  121.79654   25.17856     15.996     15.892    25.4276    34.0816 157.041845  0.000e+00
     25.417  121.79654   25.17856     15.996     15.892    25.4226    34.0813 157.041845  0.000e+00
     25.458  121.79654   25.17856     15.996     15.892    25.4124    34.0818 157.041846  0.000e+00
     25.500  121.79654   25.17856     16.047     15.943    25.4037    34.0825 157.041846  0.000e+00
     25.542  121.79654   25.17856     16.105     16.001    25.3978    34.0830 157.041847  0.000e+00
     25.583  121.79654   25.17856     16.156     16.052    25.3927    34.0838 157.041847  0.000e+00
     25.625  121.79654   25.17856     16.156     16.052    25.3890    34.0842 157.041848  0.000e+00
     25.667  121.79654   25.17856     16.215     16.110    25.3856    34.0847 157.041848  0.000e+00
     25.708  121.79654   25.17856     16.266     16.160    25.3834    34.0854 157.041848  0.000e+00
     25.750  121.79654   25.17856     16.266     16.160    25.3820    34.0858 157.041849  0.000e+00
     25.792  121.79654   25.17856     16.295     16.189    25.3820    34.0863 157.041849  0.000e+00
     25.833  121.79654   25.17856     16.317     16.211    25.3818    34.0865 157.041850  0.000e+00
     25.875  121.79654   25.17856     16.375     16.269    25.3813    34.0868 157.041850  0.000e+00
     25.917  121.79654   25.17856     16.375     16.269    25.3810    34.0871 157.041851  0.000e+00
     25.958  121.79654   25.17856     16.485     16.378    25.3802    34.0878 157.041851  0.000e+00
     26.000  121.79654   25.17856     16.426     16.320    25.3801    34.0876 157.041852  0.000e+00
     26.042  121.79654   25.17856     16.426     16.320    25.3801    34.0876 157.041852  0.000e+00
     26.083  121.79654   25.17856     16.587     16.480    25.3799    34.0883 157.041853  0.000e+00
     26.125  121.79654   25.17856     16.536     16.429    25.3799    34.0877 157.041853  0.000e+00
     26.167  121.79654   25.17856     16.587     16.480    25.3797    34.0881 157.041854  0.000e+00
     26.208  121.79654   25.17856     16.646     16.538    25.3801    34.0877 157.041854  0.000e+00
     26.250  121.79654   25.17856     16.646     16.538    25.3799    34.0878 157.041855  0.000e+00
     26.292  121.79654   25.17856     16.697     16.588    25.3801    34.0877 157.041855  0.000e+00
     26.333  121.79654   25.17856     16.697     16.588    25.3799    34.0876 157.041856  0.000e+00
     26.375  121.79654   25.17856     16.784     16.675    25.3799    34.0876 157.041856  0.000e+00
     26.417  121.79654   25.17856     16.806     16.697    25.3802    34.0870 157.041857  0.000e+00
     26.458  121.79654   25.17856     16.806     16.697    25.3801    34.0877 157.041857  0.000e+00
     26.500  121.79654   25.17856     16.806     16.697    25.3802    34.0878 157.041858  0.000e+00
     26.542  121.79654   25.17856     16.916     16.806    25.3802    34.0873 157.041858  0.000e+00
     26.583  121.79654   25.17856     16.916     16.806    25.3797    34.0873 157.041859  0.000e+00
     26.625  121.79654   25.17856     16.967     16.857    25.3794    34.0872 157.041859  0.000e+00
