coding/cr2370/ctd/cr2370/c2-1.txt
* Sea-Bird SBE 9 Data File:
* FileName = D:\ctddata\cr2370\C2-1.hex
* Software Version Seasave V 7.20g
* Temperature SN = 6284
* Conductivity SN = 4751
* Number of Bytes Per Scan = 34
* Number of Voltage Words = 5
* Number of Scans Averaged by the Deck Unit = 1
* NMEA Latitude = 25 10.70 N
* NMEA Longitude = 121 47.79 E
* NMEA UTC (Time) = Jun 06 2019  00:59:50
** Ship: OR2
** Station: C2-1
** Operator: CR2370
** 48
** 43
# nquan = 9
# nvalues = 3225                                  
# units = specified
# name 0 = timeS: Time, Elapsed [seconds]
# name 1 = longitude: Longitude [deg]
# name 2 = latitude: Latitude [deg]
# name 3 = prDM: Pressure, Digiquartz [db]
# name 4 = depSM: Depth [salt water, m]
# name 5 = t090C: Temperature [ITS-90, deg C]
# name 6 = sal00: Salinity, Practical [PSU]
# name 7 = timeJ: Julian Days
# name 8 = flag:  0.000e+00
# span 0 =      0.000,    134.333                 
# span 1 =  121.79630,  121.79662                 
# span 2 =   25.17846,   25.17912                 
# span 3 =      1.092,     43.489                 
# span 4 =      1.085,     43.204                 
# span 5 =    19.7154,    25.9313                 
# span 6 =    34.0511,    34.4394                 
# span 7 = 157.041551, 157.043106                 
# span 8 = 0.0000e+00, 0.0000e+00                 
# interval = seconds: 0.0416667
# start_time = Jun 06 2019 00:59:50 [NMEA time, header]
# bad_flag = -9.990e-29
*END*
[from data line 161]
      6.708  121.79660   25.17848      1.180      1.172    25.9156    34.0645 157.041629  0.000e+00
      6.750  121.79660   25.17848      1.202      1.194    25.9157    34.0643 157.041629  0.000e+00
      6.792  121.79660   25.17848      1.180      1.172    25.9153    34.0646 157.041630  0.000e+00
      6.833  121.79660   25.17848      1.202      1.194    25.9154    34.0637 157.041630  0.000e+00
      6.875  121.79660   25.17848      1.180      1.172    25.9153    34.0635 157.041630  0.000e+00
      6.917  121.79660   25.17848      1.180      1.172    25.9154    34.0633 157.041631  0.000e+00
      6.958  121.79660   25.17848      1.253      1.245    25.9151    34.0634 157.041631  0.000e+00
      7.000  121.79660   25.17848      1.180      1.172    25.9151    34.0632 157.041632  0.000e+00
      7.042  121.79660   25.17848      1.202      1.194    25.9146    34.0635 157.041632  0.000e+00
      7.083  121.79660   25.17848      1.231      1.223    25.9145    34.0642 157.041633  0.000e+00
      7.125  121.79660   25.17848      1.202      1.194    25.9146    34.0642 157.041633  0.000e+00
      7.167  121.79660   25.17848      1.289      1.281    25.9144    34.0645 157.041634  0.000e+00
      7.208  121.79660   25.17848      1.231      1.223    25.9142    34.0647 157.041634  0.000e+00
      7.250  121.79660   25.17848      1.202      1.194    25.9140    34.0649 157.041635  0.000e+00
      7.292  121.79660   25.17848      1.231      1.223    25.9132    34.0646 157.041635  0.000e+00
      7.333  121.79660   25.17848      1.304      1.296    25.9117    34.0644 157.041636  0.000e+00
      7.375  121.79660   25.17848      1.289      1.281    25.9094    34.0645 157.041636  0.000e+00
      7.417  121.79660   25.17848      1.340      1.332    25.9048    34.0654 157.041637  0.000e+00
      7.458  121.79660   25.17848      1.472      1.462    25.9001    34.0653 157.041637  0.000e+00
      7.500  121.79660   25.17848      1.392      1.383    25.8946    34.0658 157.041638  0.000e+00
      7.542  121.79660   25.17848      1.413      1.404    25.8890    34.0660 157.041638  0.000e+00
      7.583  121.79660   25.17848      1.450      1.441    25.8845    34.0662 157.041639  0.000e+00
      7.625  121.79660   25.17848      1.560      1.549    25.8800    34.0666 157.041639  0.000e+00
      7.667  121.79660   25.17848      1.574      1.564    25.8748    34.0672 157.041640  0.000e+00
      7.708  121.79660   25.17848      1.771      1.760    25.8696    34.0675 157.041640  0.000e+00
      7.750  121.79658   25.17850      1.742      1.731    25.8658    34.0673 157.041641  0.000e+00
      7.792  121.79658   25.17850      1.771      1.760    25.8627    34.0672 157.041641  0.000e+00
      7.833  121.79658   25.17850      1.662      1.651    25.8602    34.0671 157.041642  0.000e+00
      7.875  121.79658   25.17850      1.954      1.941    25.8585    34.0669 157.041642  0.000e+00
      7.917  121.79658   25.17850      1.881      1.869    25.8577    34.0667 157.041643  0.000e+00
      7.958  121.79658   25.17850      1.903      1.890    25.8568    34.0667 157.041643  0.000e+00
      8.000  121.79658   25.17850      2.041      2.028    25.8559    34.0671 157.041644  0.000e+00
      8.042  121.79658   25.17850      2.041      2.028    25.8546    34.0675 157.041644  0.000e+00
      8.083  121.79658   25.17850      2.012      1.999    25.8535    34.0676 157.041644  0.000e+00
      8.125  121.79658   25.17850      2.100      2.086    25.8528    34.0674 157.041645  0.000e+00
      8.167  121.79658   25.17850      2.122      2.108    25.8520    34.0676 157.041645  0.000e+00
      8.208  121.79658   25.17850      2.151      2.137    25.8510    34.0680 157.041646  0.000e+00
      8.250  121.79658   25.17850      2.151      2.137    25.8501    34.0684 157.041646  0.000e+00
      8.292  121.79658   25.17850      2.282      2.268    25.8492    34.0685 157.041647  0.000e+00
      8.333  121.79658   25.17850      2.260      2.246    25.8480    34.0687 157.041647  0.000e+00
      8.375  121.79658   25.17850      2.282      2.268    25.8455    34.0690 157.041648  0.000e+00
      8.417  121.79658   25.17850      2.312      2.297    25.8437    34.0684 157.041648  0.000e+00
      8.458  121.79658   25.17850      2.312      2.297    25.8428    34.0682 157.041649  0.000e+00
      8.500  121.79658   25.17850      2.392      2.376    25.8419    34.0674 157.041649  0.000e+00
      8.542  121.79658   25.17850      2.480      2.464    25.8413    34.0672 157.041650  0.000e+00
      8.583  121.79658   25.17850      2.421      2.406    25.8413    34.0667 157.041650  0.000e+00
      8.625  121.79658   25.17850      2.494      2.478    25.8408    34.0669 157.041651  0.000e+00
      8.667  121.79658   25.17850      2.531      2.514    25.8406    34.0671 157.041651  0.000e+00
      8.708  121.79658   25.17850      2.553      2.536    25.8403    34.0673 157.041652  0.000e+00
      8.750  121.79658   25.17850      2.582      2.565    25.8404    34.0678 157.041652  0.000e+00
      8.792  121.79658   25.17850      2.640      2.623    25.8401    34.0681 157.041653  0.000e+00
      8.833  121.79658   25.17850      2.604      2.587    25.8404    34.0682 157.041653  0.000e+00
      8.875  121.79658   25.17850      2.691      2.674    25.8403    34.0685 157.041654  0.000e+00
      8.917  121.79658   25.17850      2.713      2.696    25.8403    34.0682 157.041654  0.000e+00
      8.958  121.79658   25.17850      2.691      2.674    25.8401    34.0681 157.041655  0.000e+00
      9.000  121.79658   25.17850      2.750      2.732    25.8401    34.0672 157.041655  0.000e+00
      9.042  121.79658   25.17850      2.713      2.696    25.8397    34.0673 157.041656  0.000e+00
      9.083  121.79658   25.17850      2.852      2.834    25.8394    34.0666 157.041656  0.000e+00
      9.125  121.79658   25.17850      2.852      2.834    25.8388    34.0664 157.041657  0.000e+00
      9.167  121.79658   25.17850      2.874      2.855    25.8389    34.0665 157.041657  0.000e+00
      9.208  121.79658   25.17850      2.852      2.834    25.8383    34.0670 157.041658  0.000e+00
      9.250  121.79658   25.17850      2.983      2.964    25.8381    34.0674 157.041658  0.000e+00
      9.292  121.79658   25.17850      2.910      2.892    25.8379    34.0674 157.041658  0.000e+00
      9.333  121.79658   25.17850      2.961      2.942    25.8376    34.0683 157.041659  0.000e+00
      9.375  121.79658   25.17850      3.042      3.022    25.8374    34.0684 157.041659  0.000e+00
      9.417  121.79658   25.17850      3.020      3.000    25.8369    34.0679 157.041660  0.000e+00
      9.458  121.79658   25.17850      3.122      3.102    25.8361    34.0680 157.041660  0.000e+00
      9.500  121.79658   25.17850      3.093      3.073    25.8358    34.0675 157.041661  0.000e+00
      9.542  121.79658   25.17850      3.122      3.102    25.8356    34.0671 157.041661  0.000e+00
      9.583  121.79658   25.17850      3.202      3.182    25.8352    34.0666 157.041662  0.000e+00
      9.625  121.79658   25.17850      3.181      3.160    25.8347    34.0668 157.041662  0.000e+00
      9.667  121.79658   25.17850      3.181      3.160    25.8339    34.0668 157.041663  0.000e+00
      9.708  121.79658   25.17850      3.254      3.233    25.8332    34.0669 157.041663  0.000e+00
      9.750  121.79658   25.17850      3.290      3.269    25.8325    34.0676 157.041664  0.000e+00
      9.792  121.79658   25.17850      3.392      3.370    25.8318    34.0682 157.041664  0.000e+00
      9.833  121.79658   25.17850      3.312      3.291    25.8309    34.0687 157.041665  0.000e+00
      9.875  121.79658   25.17850      3.392      3.370    25.8300    34.0685 157.041665  0.000e+00
      9.917  121.79658   25.17850      3.392      3.370    25.8291    34.0682 157.041666  0.000e+00
      9.958  121.79658   25.17850      3.473      3.450    25.8286    34.0674 157.041666  0.000e+00
     10.000  121.79658   25.17850      3.451      3.428    25.8280    34.0673 157.041667  0.000e+00
     10.042  121.79658   25.17850      3.524      3.501    25.8275    34.0668 157.041667  0.000e+00
     10.083  121.79658   25.17850      3.560      3.537    25.8264    34.0671 157.041668  0.000e+00
     10.125  121.79658   25.17850      3.560      3.537    25.8248    34.0678 157.041668  0.000e+00
     10.167  121.79658   25.17850      3.582      3.559    25.8237    34.0682 157.041669  0.000e+00
     10.208  121.79658   25.17850      3.662      3.639    25.8227    34.0687 157.041669  0.000e+00
     10.250  121.79658   25.17850      3.611      3.588    25.8218    34.0686 157.041670  0.000e+00
     10.292  121.79658   25.17850      3.743      3.719    25.8212    34.0685 157.041670  0.000e+00
     10.333  121.79658   25.17850      3.721      3.697    25.8207    34.0678 157.041671  0.000e+00
     10.375  121.79658   25.17850      3.772      3.748    25.8201    34.0674 157.041671  0.000e+00
     10.417  121.79658   25.17850      3.852      3.827    25.8197    34.0673 157.041671  0.000e+00
     10.458  121.79658   25.17850      3.772      3.748    25.8189    34.0675 157.041672  0.000e+00
     10.500  121.79658   25.17850      3.882      3.856    25.8180    34.0682 157.041672  0.000e+00
     10.542  121.79658   25.17850      3.955      3.929    25.8176    34.0685 157.041673  0.000e+00
     10.583  121.79658   25.17850      3.933      3.907    25.8171    34.0686 157.041673  0.000e+00
     10.625  121.79658   25.17850      3.955      3.929    25.8155    34.0690 157.041674  0.000e+00
     10.667  121.79658   25.17850      4.042      4.016    25.8144    34.0679 157.041674  0.000e+00
     10.708  121.79658   25.17850      4.042      4.016    25.8131    34.0676 157.041675  0.000e+00
     10.750  121.79658   25.17850      4.064      4.038    25.8124    34.0673 157.041675  0.000e+00
     10.792  121.79658   25.17850      4.152      4.125    25.8112    34.0680 157.041676  0.000e+00
     10.833  121.79658   25.17850      4.152      4.125    25.8101    34.0687 157.041676  0.000e+00
     10.875  121.79658   25.17850      4.174      4.147    25.8087    34.0689 157.041677  0.000e+00
     10.917  121.79658   25.17850      4.261      4.234    25.8067    34.0689 157.041677  0.000e+00
     10.958  121.79658   25.17850      4.261      4.234    25.8051    34.0681 157.041678  0.000e+00
     11.000  121.79658   25.17850      4.334      4.306    25.8038    34.0677 157.041678  0.000e+00
     11.042  121.79658   25.17850      4.312      4.284    25.8025    34.0681 157.041679  0.000e+00
     11.083  121.79658   25.17850      4.371      4.343    25.8020    34.0687 157.041679  0.000e+00
     11.125  121.79658   25.17850      4.444      4.415    25.8013    34.0694 157.041680  0.000e+00
     11.167  121.79658   25.17850      4.473      4.444    25.8004    34.0693 157.041680  0.000e+00
     11.208  121.79658   25.17850      4.473      4.444    25.7995    34.0683 157.041681  0.000e+00
     11.250  121.79658   25.17850      4.553      4.524    25.7986    34.0680 157.041681  0.000e+00
     11.292  121.79658   25.17850      4.531      4.502    25.7977    34.0681 157.041682  0.000e+00
     11.333  121.79658   25.17850      4.582      4.553    25.7961    34.0691 157.041682  0.000e+00
     11.375  121.79658   25.17850      4.663      4.633    25.7941    34.0700 157.041683  0.000e+00
     11.417  121.79658   25.17850      4.692      4.662    25.7927    34.0690 157.041683  0.000e+00
     11.458  121.79658   25.17850      4.692      4.662    25.7904    34.0687 157.041684  0.000e+00
     11.500  121.79658   25.17850      4.714      4.683    25.7884    34.0681 157.041684  0.000e+00
     11.542  121.79658   25.17850      4.853      4.821    25.7859    34.0696 157.041685  0.000e+00
     11.583  121.79658   25.17850      4.802      4.771    25.7837    34.0698 157.041685  0.000e+00
     11.625  121.79658   25.17850      4.823      4.792    25.7817    34.0696 157.041685  0.000e+00
     11.667  121.79658   25.17850      4.853      4.821    25.7798    34.0690 157.041686  0.000e+00
     11.708  121.79658   25.17850      4.962      4.930    25.7778    34.0692 157.041686  0.000e+00
     11.750  121.79658   25.17852      4.933      4.901    25.7755    34.0702 157.041687  0.000e+00
     11.792  121.79658   25.17852      5.072      5.039    25.7740    34.0701 157.041687  0.000e+00
     11.833  121.79658   25.17852      5.013      4.981    25.7728    34.0695 157.041688  0.000e+00
     11.875  121.79658   25.17852      5.043      5.010    25.7719    34.0691 157.041688  0.000e+00
     11.917  121.79658   25.17852      5.072      5.039    25.7706    34.0696 157.041689  0.000e+00
     11.958  121.79658   25.17852      5.123      5.090    25.7684    34.0706 157.041689  0.000e+00
     12.000  121.79658   25.17852      5.203      5.170    25.7645    34.0702 157.041690  0.000e+00
     12.042  121.79658   25.17852      5.181      5.148    25.7591    34.0701 157.041690  0.000e+00
     12.083  121.79658   25.17852      5.291      5.257    25.7554    34.0702 157.041691  0.000e+00
     12.125  121.79658   25.17852      5.254      5.220    25.7519    34.0713 157.041691  0.000e+00
     12.167  121.79658   25.17852      5.232      5.199    25.7494    34.0707 157.041692  0.000e+00
     12.208  121.79658   25.17852      5.393      5.358    25.7475    34.0702 157.041692  0.000e+00
     12.250  121.79658   25.17852      5.422      5.387    25.7459    34.0712 157.041693  0.000e+00
     12.292  121.79658   25.17852      5.393      5.358    25.7453    34.0715 157.041693  0.000e+00
     12.333  121.79658   25.17852      5.451      5.416    25.7457    34.0703 157.041694  0.000e+00
     12.375  121.79658   25.17852      5.524      5.489    25.7444    34.0706 157.041694  0.000e+00
     12.417  121.79658   25.17852      5.503      5.467    25.7374    34.0720 157.041695  0.000e+00
     12.458  121.79658   25.17852      5.561      5.525    25.7281    34.0719 157.041695  0.000e+00
     12.500  121.79658   25.17852      5.612      5.576    25.7223    34.0710 157.041696  0.000e+00
     12.542  121.79658   25.17852      5.583      5.547    25.7184    34.0720 157.041696  0.000e+00
     12.583  121.79658   25.17852      5.663      5.627    25.7161    34.0713 157.041697  0.000e+00
     12.625  121.79658   25.17852      5.722      5.685    25.7145    34.0717 157.041697  0.000e+00
     12.667  121.79658   25.17852      5.744      5.706    25.7138    34.0720 157.041698  0.000e+00
     12.708  121.79658   25.17852      5.722      5.685    25.7126    34.0716 157.041698  0.000e+00
     12.750  121.79658   25.17852      5.831      5.793    25.7118    34.0720 157.041698  0.000e+00
     12.792  121.79658   25.17852      5.853      5.815    25.7114    34.0721 157.041699  0.000e+00
     12.833  121.79658   25.17852      5.882      5.844    25.7112    34.0715 157.041699  0.000e+00
     12.875  121.79658   25.17852      5.882      5.844    25.7102    34.0723 157.041700  0.000e+00
     12.917  121.79658   25.17852      5.904      5.866    25.7091    34.0722 157.041700  0.000e+00
     12.958  121.79658   25.17852      5.882      5.844    25.7088    34.0713 157.041701  0.000e+00
     13.000  121.79658   25.17852      6.043      6.004    25.7086    34.0720 157.041701  0.000e+00
     13.042  121.79658   25.17852      6.065      6.026    25.7083    34.0715 157.041702  0.000e+00
     13.083  121.79658   25.17852      5.992      5.953    25.7075    34.0720 157.041702  0.000e+00
     13.125  121.79658   25.17852      6.152      6.113    25.7059    34.0723 157.041703  0.000e+00
     13.167  121.79658   25.17852      6.152      6.113    25.7040    34.0712 157.041703  0.000e+00
     13.208  121.79658   25.17852      6.123      6.084    25.7020    34.0718 157.041704  0.000e+00
     13.250  121.79658   25.17852      6.204      6.163    25.7002    34.0721 157.041704  0.000e+00
     13.292  121.79658   25.17852      6.204      6.163    25.6994    34.0713 157.041705  0.000e+00
