coding/cr2370/ctd/cr2370/c3-1.txt
* Sea-Bird SBE 9 Data File:
* FileName = D:\ctddata\cr2370\C3-1.hex
* Software Version Seasave V 7.20g
* Temperature SN = 6284
* Conductivity SN = 4751
* Number of Bytes Per Scan = 34
* Number of Voltage Words = 5
* Number of Scans Averaged by the Deck Unit = 1
* NMEA Latitude = 25 11.33 N
* NMEA Longitude = 121 48.19 E
* NMEA UTC (Time) = Jun 06 2019  01:13:06
** Ship: OR2
** Station: C3-1
** Operator: CR2370
** 84
** 75
# nquan = 9
# nvalues = 5355                                  
# units = specified
# name 0 = timeS: Time, Elapsed [seconds]
# name 1 = longitude: Longitude [deg]
# name 2 = latitude: Latitude [deg]
# name 3 = prDM: Pressure, Digiquartz [db]
# name 4 = depSM: Depth [salt water, m]
# name 5 = t090C: Temperature [ITS-90, deg C]
# name 6 = sal00: Salinity, Practical [PSU]
# name 7 = timeJ: Julian Days
# name 8 = flag:  0.000e+00
# span 0 =      0.000,    223.083                 
# span 1 =  121.80316,  121.80332                 
# span 2 =   25.18886,   25.18934                 
# span 3 =      1.398,     75.636                 
# span 4 =      1.389,     75.135                 
# span 5 =    17.4984,    26.3790                 
# span 6 =    34.0466,    34.6120                 
# span 7 = 157.050764, 157.053346                 
# span 8 = 0.0000e+00, 0.0000e+00                 
# interval = seconds: 0.0416667
# start_time = Jun 06 2019 01:13:06 [NMEA time, header]
# bad_flag = -9.990e-29
*END*
[from data line 4961]
    206.708  121.80320   25.18926     13.408     13.321    26.0064    34.0601 157.053156  0.000e+00
    206.750  121.80320   25.18926     13.459     13.372    26.0062    34.0591 157.053157  0.000e+00
    206.792  121.80320   25.18926     13.408     13.321    26.0057    34.0591 157.053157  0.000e+00
    206.833  121.80320   25.18926     13.357     13.270    26.0041    34.0596 157.053158  0.000e+00
    206.875  121.80320   25.18926     13.408     13.321    26.0028    34.0596 157.053158  0.000e+00
    206.917  121.80320   25.18926     13.276     13.190    26.0036    34.0586 157.053159  0.000e+00
    206.958  121.80320   25.18926     13.357     13.270    26.0027    34.0592 157.053159  0.000e+00
    207.000  121.80320   25.18926     13.247     13.161    26.0007    34.0598 157.053160  0.000e+00
    207.042  121.80320   25.18926     13.247     13.161    25.9991    34.0590 157.053160  0.000e+00
    207.083  121.80320   25.18926     13.247     13.161    25.9980    34.0595 157.053161  0.000e+00
    207.125  121.80320   25.18926     13.189     13.103    25.9980    34.0613 157.053161  0.000e+00
    207.167  121.80320   25.18926     13.189     13.103    25.9991    34.0612 157.053162  0.000e+00
    207.208  121.80320   25.18926     13.167     13.082    26.0000    34.0602 157.053162  0.000e+00
    207.250  121.80320   25.18926     13.086     13.002    26.0009    34.0608 157.053163  0.000e+00
    207.292  121.80320   25.18926     13.086     13.002    26.0021    34.0610 157.053163  0.000e+00
    207.333  121.80320   25.18926     13.086     13.002    26.0025    34.0603 157.053164  0.000e+00
    207.375  121.80320   25.18926     13.028     12.944    26.0025    34.0589 157.053164  0.000e+00
    207.417  121.80320   25.18926     13.028     12.944    26.0009    34.0597 157.053165  0.000e+00
    207.458  121.80320   25.18926     13.006     12.922    25.9994    34.0601 157.053165  0.000e+00
    207.500  121.80320   25.18926     12.977     12.893    25.9982    34.0581 157.053166  0.000e+00
    207.542  121.80320   25.18926     12.867     12.784    25.9958    34.0591 157.053166  0.000e+00
    207.583  121.80320   25.18926     12.919     12.835    25.9951    34.0608 157.053166  0.000e+00
    207.625  121.80320   25.18926     12.867     12.784    25.9951    34.0598 157.053167  0.000e+00
    207.667  121.80320   25.18926     12.867     12.784    25.9939    34.0597 157.053167  0.000e+00
    207.708  121.80320   25.18926     12.809     12.726    25.9935    34.0596 157.053168  0.000e+00
    207.750  121.80320   25.18926     12.787     12.704    25.9926    34.0606 157.053168  0.000e+00
    207.792  121.80320   25.18926     12.809     12.726    25.9924    34.0598 157.053169  0.000e+00
    207.833  121.80320   25.18926     12.707     12.625    25.9927    34.0601 157.053169  0.000e+00
    207.875  121.80320   25.18928     12.707     12.625    25.9935    34.0610 157.053170  0.000e+00
    207.917  121.80320   25.18928     12.707     12.625    25.9941    34.0613 157.053170  0.000e+00
    207.958  121.80320   25.18928     12.648     12.566    25.9946    34.0601 157.053171  0.000e+00
    208.000  121.80320   25.18928     12.626     12.545    25.9953    34.0599 157.053171  0.000e+00
    208.042  121.80320   25.18928     12.597     12.516    25.9950    34.0609 157.053172  0.000e+00
    208.083  121.80320   25.18928     12.597     12.516    25.9947    34.0605 157.053172  0.000e+00
    208.125  121.80320   25.18928     12.539     12.458    25.9942    34.0602 157.053173  0.000e+00
    208.167  121.80320   25.18928     12.539     12.458    25.9948    34.0613 157.053173  0.000e+00
    208.208  121.80320   25.18928     12.488     12.407    25.9958    34.0613 157.053174  0.000e+00
    208.250  121.80320   25.18928     12.517     12.436    25.9960    34.0601 157.053174  0.000e+00
    208.292  121.80320   25.18928     12.437     12.356    25.9964    34.0599 157.053175  0.000e+00
    208.333  121.80320   25.18928     12.437     12.356    25.9956    34.0606 157.053175  0.000e+00
    208.375  121.80320   25.18928     12.378     12.298    25.9944    34.0598 157.053176  0.000e+00
    208.417  121.80320   25.18928     12.327     12.247    25.9930    34.0589 157.053176  0.000e+00
    208.458  121.80320   25.18928     12.378     12.298    25.9919    34.0595 157.053177  0.000e+00
    208.500  121.80320   25.18928     12.298     12.218    25.9910    34.0605 157.053177  0.000e+00
    208.542  121.80320   25.18928     12.269     12.189    25.9913    34.0597 157.053178  0.000e+00
    208.583  121.80320   25.18928     12.269     12.189    25.9899    34.0583 157.053178  0.000e+00
    208.625  121.80320   25.18928     12.269     12.189    25.9867    34.0595 157.053179  0.000e+00
    208.667  121.80320   25.18928     12.166     12.088    25.9849    34.0619 157.053179  0.000e+00
    208.708  121.80320   25.18928     12.218     12.138    25.9880    34.0624 157.053179  0.000e+00
    208.750  121.80320   25.18928     12.188     12.109    25.9909    34.0612 157.053180  0.000e+00
    208.792  121.80320   25.18928     12.108     12.030    25.9910    34.0613 157.053180  0.000e+00
    208.833  121.80320   25.18928     12.108     12.030    25.9917    34.0617 157.053181  0.000e+00
    208.875  121.80320   25.18928     12.057     11.979    25.9924    34.0608 157.053181  0.000e+00
    208.917  121.80320   25.18928     12.057     11.979    25.9926    34.0599 157.053182  0.000e+00
    208.958  121.80320   25.18928     12.057     11.979    25.9927    34.0606 157.053182  0.000e+00
    209.000  121.80320   25.18928     11.977     11.899    25.9924    34.0614 157.053183  0.000e+00
    209.042  121.80320   25.18928     11.998     11.921    25.9928    34.0610 157.053183  0.000e+00
    209.083  121.80320   25.18928     11.947     11.870    25.9942    34.0613 157.053184  0.000e+00
    209.125  121.80320   25.18928     11.896     11.819    25.9962    34.0627 157.053184  0.000e+00
    209.167  121.80320   25.18928     11.947     11.870    25.9987    34.0631 157.053185  0.000e+00
    209.208  121.80320   25.18928     11.896     11.819    26.0016    34.0616 157.053185  0.000e+00
    209.250  121.80320   25.18928     11.816     11.739    26.0032    34.0613 157.053186  0.000e+00
    209.292  121.80320   25.18928     11.838     11.761    26.0039    34.0617 157.053186  0.000e+00
    209.333  121.80320   25.18928     11.787     11.710    26.0045    34.0603 157.053187  0.000e+00
    209.375  121.80320   25.18928     11.787     11.710    26.0052    34.0608 157.053187  0.000e+00
    209.417  121.80320   25.18928     11.728     11.652    26.0061    34.0616 157.053188  0.000e+00
    209.458  121.80320   25.18928     11.787     11.710    26.0059    34.0606 157.053188  0.000e+00
    209.500  121.80320   25.18928     11.648     11.573    26.0057    34.0594 157.053189  0.000e+00
    209.542  121.80320   25.18928     11.677     11.602    26.0050    34.0601 157.053189  0.000e+00
    209.583  121.80320   25.18928     11.626     11.551    26.0045    34.0599 157.053190  0.000e+00
    209.625  121.80320   25.18928     11.626     11.551    26.0032    34.0594 157.053190  0.000e+00
    209.667  121.80320   25.18928     11.568     11.493    26.0023    34.0599 157.053191  0.000e+00
    209.708  121.80320   25.18928     11.546     11.471    26.0018    34.0612 157.053191  0.000e+00
    209.750  121.80320   25.18928     11.517     11.442    26.0023    34.0606 157.053192  0.000e+00
    209.792  121.80320   25.18928     11.568     11.493    26.0027    34.0601 157.053192  0.000e+00
    209.833  121.80320   25.18928     11.407     11.333    26.0028    34.0605 157.053193  0.000e+00
    209.875  121.80320   25.18928     11.458     11.384    26.0034    34.0600 157.053193  0.000e+00
    209.917  121.80320   25.18928     11.436     11.362    26.0025    34.0596 157.053193  0.000e+00
    209.958  121.80320   25.18928     11.356     11.282    26.0027    34.0596 157.053194  0.000e+00
    210.000  121.80320   25.18928     11.298     11.224    26.0027    34.0612 157.053194  0.000e+00
    210.042  121.80320   25.18928     11.356     11.282    26.0032    34.0606 157.053195  0.000e+00
    210.083  121.80320   25.18928     11.246     11.174    26.0034    34.0603 157.053195  0.000e+00
    210.125  121.80320   25.18928     11.356     11.282    26.0037    34.0609 157.053196  0.000e+00
    210.167  121.80320   25.18928     11.217     11.145    26.0045    34.0613 157.053196  0.000e+00
    210.208  121.80320   25.18928     11.188     11.116    26.0052    34.0609 157.053197  0.000e+00
    210.250  121.80320   25.18928     11.188     11.116    26.0075    34.0627 157.053197  0.000e+00
    210.292  121.80320   25.18928     11.137     11.065    26.0120    34.0642 157.053198  0.000e+00
    210.333  121.80320   25.18928     11.078     11.007    26.0165    34.0630 157.053198  0.000e+00
    210.375  121.80320   25.18928     11.108     11.036    26.0214    34.0635 157.053199  0.000e+00
    210.417  121.80320   25.18928     11.078     11.007    26.0251    34.0630 157.053199  0.000e+00
    210.458  121.80320   25.18928     10.976     10.905    26.0276    34.0605 157.053200  0.000e+00
    210.500  121.80320   25.18928     11.027     10.956    26.0280    34.0596 157.053200  0.000e+00
    210.542  121.80320   25.18928     10.976     10.905    26.0273    34.0594 157.053201  0.000e+00
    210.583  121.80320   25.18928     10.896     10.825    26.0257    34.0582 157.053201  0.000e+00
    210.625  121.80320   25.18928     10.918     10.847    26.0233    34.0590 157.053202  0.000e+00
    210.667  121.80320   25.18928     10.867     10.796    26.0224    34.0596 157.053202  0.000e+00
    210.708  121.80320   25.18928     10.867     10.796    26.0217    34.0587 157.053203  0.000e+00
    210.750  121.80320   25.18928     10.808     10.738    26.0206    34.0595 157.053203  0.000e+00
    210.792  121.80320   25.18928     10.728     10.658    26.0205    34.0615 157.053204  0.000e+00
    210.833  121.80320   25.18928     10.808     10.738    26.0244    34.0622 157.053204  0.000e+00
    210.875  121.80320   25.18928     10.648     10.579    26.0298    34.0631 157.053205  0.000e+00
    210.917  121.80320   25.18928     10.757     10.688    26.0343    34.0621 157.053205  0.000e+00
    210.958  121.80320   25.18928     10.648     10.579    26.0361    34.0610 157.053206  0.000e+00
    211.000  121.80320   25.18928     10.626     10.557    26.0379    34.0620 157.053206  0.000e+00
    211.042  121.80320   25.18928     10.596     10.528    26.0402    34.0606 157.053207  0.000e+00
    211.083  121.80320   25.18928     10.596     10.528    26.0397    34.0589 157.053207  0.000e+00
    211.125  121.80320   25.18928     10.538     10.470    26.0374    34.0601 157.053207  0.000e+00
    211.167  121.80320   25.18928     10.487     10.419    26.0374    34.0574 157.053208  0.000e+00
    211.208  121.80320   25.18928     10.516     10.448    26.0364    34.0580 157.053208  0.000e+00
    211.250  121.80320   25.18928     10.436     10.368    26.0355    34.0594 157.053209  0.000e+00
    211.292  121.80320   25.18928     10.487     10.419    26.0354    34.0601 157.053209  0.000e+00
    211.333  121.80320   25.18928     10.326     10.259    26.0372    34.0614 157.053210  0.000e+00
    211.375  121.80320   25.18928     10.377     10.310    26.0384    34.0600 157.053210  0.000e+00
    211.417  121.80320   25.18928     10.356     10.289    26.0363    34.0586 157.053211  0.000e+00
    211.458  121.80320   25.18928     10.326     10.260    26.0347    34.0606 157.053211  0.000e+00
    211.500  121.80320   25.18928     10.268     10.201    26.0366    34.0608 157.053212  0.000e+00
    211.542  121.80320   25.18928     10.217     10.151    26.0388    34.0612 157.053212  0.000e+00
    211.583  121.80320   25.18928     10.246     10.180    26.0393    34.0608 157.053213  0.000e+00
    211.625  121.80320   25.18928     10.217     10.151    26.0383    34.0597 157.053213  0.000e+00
    211.667  121.80320   25.18928     10.166     10.100    26.0372    34.0604 157.053214  0.000e+00
    211.708  121.80320   25.18928     10.166     10.100    26.0348    34.0600 157.053214  0.000e+00
    211.750  121.80320   25.18928     10.056      9.991    26.0330    34.0595 157.053215  0.000e+00
    211.792  121.80320   25.18930     10.136     10.071    26.0328    34.0611 157.053215  0.000e+00
    211.833  121.80320   25.18930     10.056      9.991    26.0336    34.0601 157.053216  0.000e+00
    211.875  121.80320   25.18930     10.056      9.991    26.0330    34.0609 157.053216  0.000e+00
    211.917  121.80320   25.18930      9.998      9.933    26.0364    34.0637 157.053217  0.000e+00
    211.958  121.80320   25.18930      9.998      9.933    26.0391    34.0621 157.053217  0.000e+00
    212.000  121.80320   25.18930      9.976      9.911    26.0386    34.0614 157.053218  0.000e+00
    212.042  121.80320   25.18930      9.947      9.882    26.0402    34.0622 157.053218  0.000e+00
    212.083  121.80320   25.18930      9.947      9.882    26.0422    34.0594 157.053219  0.000e+00
    212.125  121.80320   25.18930      9.896      9.832    26.0386    34.0606 157.053219  0.000e+00
    212.167  121.80320   25.18930      9.866      9.803    26.0391    34.0610 157.053220  0.000e+00
    212.208  121.80320   25.18930      9.837      9.774    26.0402    34.0595 157.053220  0.000e+00
    212.250  121.80320   25.18930      9.837      9.774    26.0390    34.0593 157.053220  0.000e+00
    212.292  121.80320   25.18930      9.786      9.723    26.0352    34.0587 157.053221  0.000e+00
    212.333  121.80320   25.18930      9.786      9.723    26.0327    34.0596 157.053221  0.000e+00
    212.375  121.80320   25.18930      9.757      9.694    26.0327    34.0608 157.053222  0.000e+00
    212.417  121.80320   25.18930      9.728      9.665    26.0347    34.0607 157.053222  0.000e+00
    212.458  121.80320   25.18930      9.677      9.614    26.0372    34.0621 157.053223  0.000e+00
    212.500  121.80320   25.18930      9.728      9.665    26.0391    34.0616 157.053223  0.000e+00
    212.542  121.80320   25.18930      9.596      9.534    26.0402    34.0605 157.053224  0.000e+00
    212.583  121.80320   25.18930      9.677      9.614    26.0424    34.0609 157.053224  0.000e+00
    212.625  121.80320   25.18930      9.625      9.563    26.0433    34.0600 157.053225  0.000e+00
    212.667  121.80320   25.18930      9.567      9.505    26.0411    34.0590 157.053225  0.000e+00
    212.708  121.80320   25.18930      9.538      9.476    26.0379    34.0596 157.053226  0.000e+00
    212.750  121.80320   25.18930      9.567      9.505    26.0350    34.0595 157.053226  0.000e+00
    212.792  121.80320   25.18930      9.516      9.454    26.0343    34.0606 157.053227  0.000e+00
    212.833  121.80320   25.18930      9.516      9.454    26.0359    34.0625 157.053227  0.000e+00
    212.875  121.80320   25.18930      9.458      9.396    26.0375    34.0614 157.053228  0.000e+00
    212.917  121.80320   25.18930      9.436      9.375    26.0374    34.0606 157.053228  0.000e+00
    212.958  121.80320   25.18930      9.406      9.346    26.0343    34.0600 157.053229  0.000e+00
    213.000  121.80320   25.18930      9.406      9.346    26.0320    34.0585 157.053229  0.000e+00
    213.042  121.80320   25.18930      9.348      9.288    26.0287    34.0594 157.053230  0.000e+00
    213.083  121.80320   25.18930      9.377      9.317    26.0267    34.0584 157.053230  0.000e+00
    213.125  121.80320   25.18930      9.297      9.237    26.0230    34.0577 157.053231  0.000e+00
    213.167  121.80320   25.18930      9.297      9.237    26.0192    34.0594 157.053231  0.000e+00
    213.208  121.80320   25.18930      9.246      9.186    26.0169    34.0598 157.053232  0.000e+00
    213.250  121.80320   25.18930      9.268      9.208    26.0141    34.0596 157.053232  0.000e+00
    213.292  121.80320   25.18930      9.187      9.128    26.0118    34.0595 157.053233  0.000e+00
