coding/cr2370/ctd/cr2370/c3-1.txt
* Sea-Bird SBE 9 Data File:
* FileName = D:\ctddata\cr2370\C3-1.hex
* Software Version Seasave V 7.20g
* Temperature SN = 6284
* Conductivity SN = 4751
* Number of Bytes Per Scan = 34
* Number of Voltage Words = 5
* Number of Scans Averaged by the Deck Unit = 1
* NMEA Latitude = 25 11.33 N
* NMEA Longitude = 121 48.19 E
* NMEA UTC (Time) = Jun 06 2019  01:13:06
** Ship: OR2
** Station: C3-1
** Operator: CR2370
** 84
** 75
# nquan = 9
# nvalues = 5355                                  
# units = specified
# name 0 = timeS: Time, Elapsed [seconds]
# name 1 = longitude: Longitude [deg]
# name 2 = latitude: Latitude [deg]
# name 3 = prDM: Pressure, Digiquartz [db]
# name 4 = depSM: Depth [salt water, m]
# name 5 = t090C: Temperature [ITS-90, deg C]
# name 6 = sal00: Salinity, Practical [PSU]
# name 7 = timeJ: Julian Days
# name 8 = flag:  0.000e+00
# span 0 =      0.000,    223.083                 
# span 1 =  121.80316,  121.80332                 
# span 2 =   25.18886,   25.18934                 
# span 3 =      1.398,     75.636                 
# span 4 =      1.389,     75.135                 
# span 5 =    17.4984,    26.3790                 
# span 6 =    34.0466,    34.6120                 
# span 7 = 157.050764, 157.053346                 
# span 8 = 0.0000e+00, 0.0000e+00                 
# interval = seconds: 0.0416667
# start_time = Jun 06 2019 01:13:06 [NMEA time, header]
# bad_flag = -9.990e-29
*END*
[from data line 2561]
    106.708  121.80326   25.18896     74.444     73.951    17.5237    34.4900 157.051999  0.000e+00
    106.750  121.80326   25.18896     74.495     74.002    17.5210    34.4912 157.051999  0.000e+00
    106.792  121.80326   25.18896     74.334     73.842    17.5225    34.4913 157.052000  0.000e+00
    106.833  121.80326   25.18896     74.385     73.893    17.5259    34.4940 157.052000  0.000e+00
    106.875  121.80326   25.18896     74.371     73.878    17.5425    34.4977 157.052001  0.000e+00
    106.917  121.80326   25.18896     74.334     73.842    17.5620    34.4979 157.052001  0.000e+00
    106.958  121.80326   25.18896     74.276     73.784    17.5749    34.4935 157.052002  0.000e+00
    107.000  121.80326   25.18896     74.276     73.784    17.5752    34.4782 157.052002  0.000e+00
    107.042  121.80326   25.18896     74.203     73.711    17.5509    34.4865 157.052003  0.000e+00
    107.083  121.80326   25.18896     74.225     73.733    17.5547    34.5001 157.052003  0.000e+00
    107.125  121.80326   25.18896     74.115     73.624    17.5747    34.5012 157.052004  0.000e+00
    107.167  121.80326   25.18896     74.173     73.682    17.6025    34.5064 157.052004  0.000e+00
    107.208  121.80326   25.18896     74.115     73.624    17.6363    34.5060 157.052005  0.000e+00
    107.250  121.80326   25.18896     74.042     73.551    17.6566    34.4919 157.052005  0.000e+00
    107.292  121.80326   25.18896     74.115     73.624    17.6598    34.4900 157.052006  0.000e+00
    107.333  121.80326   25.18896     74.064     73.573    17.6718    34.4948 157.052006  0.000e+00
    107.375  121.80326   25.18896     74.005     73.515    17.7000    34.5086 157.052007  0.000e+00
    107.417  121.80326   25.18896     73.896     73.406    17.7545    34.5079 157.052007  0.000e+00
    107.458  121.80326   25.18896     73.932     73.443    17.8106    34.4977 157.052008  0.000e+00
    107.500  121.80326   25.18896     73.896     73.406    17.8475    34.4853 157.052008  0.000e+00
    107.542  121.80326   25.18896     73.896     73.406    17.8679    34.4748 157.052009  0.000e+00
    107.583  121.80326   25.18896     73.896     73.406    17.8740    34.4646 157.052009  0.000e+00
    107.625  121.80326   25.18896     73.844     73.355    17.8670    34.4619 157.052010  0.000e+00
    107.667  121.80326   25.18896     73.822     73.334    17.8627    34.4658 157.052010  0.000e+00
    107.708  121.80326   25.18896     73.735     73.246    17.8629    34.4681 157.052011  0.000e+00
    107.750  121.80326   25.18896     73.735     73.246    17.8639    34.4666 157.052011  0.000e+00
    107.792  121.80326   25.18898     73.684     73.196    17.8571    34.4615 157.052011  0.000e+00
    107.833  121.80326   25.18898     73.684     73.196    17.8430    34.4630 157.052012  0.000e+00
    107.875  121.80326   25.18898     73.662     73.174    17.8428    34.4797 157.052012  0.000e+00
    107.917  121.80326   25.18898     73.625     73.138    17.8735    34.4962 157.052013  0.000e+00
    107.958  121.80326   25.18898     73.684     73.196    17.9266    34.5066 157.052013  0.000e+00
    108.000  121.80326   25.18898     73.574     73.087    17.9841    34.4944 157.052014  0.000e+00
    108.042  121.80326   25.18898     73.574     73.087    18.0181    34.4755 157.052014  0.000e+00
    108.083  121.80326   25.18898     73.450     72.963    18.0292    34.4665 157.052015  0.000e+00
    108.125  121.80326   25.18898     73.464     72.978    18.0439    34.4702 157.052015  0.000e+00
    108.167  121.80326   25.18898     73.464     72.978    18.0656    34.4665 157.052016  0.000e+00
    108.208  121.80326   25.18898     73.355     72.869    18.0771    34.4463 157.052016  0.000e+00
    108.250  121.80326   25.18898     73.355     72.869    18.0499    34.4318 157.052017  0.000e+00
    108.292  121.80326   25.18898     73.340     72.854    18.0100    34.4355 157.052017  0.000e+00
    108.333  121.80326   25.18898     73.303     72.818    17.9814    34.4438 157.052018  0.000e+00
    108.375  121.80326   25.18898     73.355     72.869    17.9624    34.4503 157.052018  0.000e+00
    108.417  121.80326   25.18898     73.245     72.760    17.9489    34.4535 157.052019  0.000e+00
    108.458  121.80326   25.18898     73.245     72.760    17.9381    34.4559 157.052019  0.000e+00
    108.500  121.80326   25.18898     73.121     72.636    17.9288    34.4565 157.052020  0.000e+00
    108.542  121.80326   25.18898     73.194     72.709    17.9164    34.4544 157.052020  0.000e+00
    108.583  121.80326   25.18898     73.194     72.709    17.9018    34.4528 157.052021  0.000e+00
    108.625  121.80326   25.18898     73.142     72.658    17.8900    34.4558 157.052021  0.000e+00
    108.667  121.80326   25.18898     73.142     72.658    17.8836    34.4599 157.052022  0.000e+00
    108.708  121.80326   25.18898     73.084     72.600    17.8782    34.4632 157.052022  0.000e+00
    108.750  121.80326   25.18898     73.069     72.586    17.8771    34.4678 157.052023  0.000e+00
    108.792  121.80326   25.18898     73.033     72.549    17.8812    34.4713 157.052023  0.000e+00
    108.833  121.80326   25.18898     72.974     72.491    17.8846    34.4713 157.052024  0.000e+00
    108.875  121.80326   25.18898     72.923     72.440    17.8881    34.4696 157.052024  0.000e+00
    108.917  121.80326   25.18898     72.872     72.390    17.8928    34.4686 157.052024  0.000e+00
    108.958  121.80326   25.18898     72.960     72.477    17.8991    34.4674 157.052025  0.000e+00
    109.000  121.80326   25.18898     72.872     72.390    17.9013    34.4657 157.052025  0.000e+00
    109.042  121.80326   25.18898     72.813     72.331    17.9014    34.4662 157.052026  0.000e+00
    109.083  121.80326   25.18898     72.762     72.281    17.9015    34.4658 157.052026  0.000e+00
    109.125  121.80326   25.18898     72.762     72.281    17.9005    34.4645 157.052027  0.000e+00
    109.167  121.80326   25.18898     72.813     72.331    17.8976    34.4583 157.052027  0.000e+00
    109.208  121.80326   25.18898     72.689     72.208    17.8837    34.4523 157.052028  0.000e+00
    109.250  121.80326   25.18898     72.704     72.223    17.8653    34.4570 157.052028  0.000e+00
    109.292  121.80326   25.18898     72.653     72.172    17.8570    34.4627 157.052029  0.000e+00
    109.333  121.80326   25.18898     72.653     72.172    17.8472    34.4637 157.052029  0.000e+00
    109.375  121.80326   25.18898     72.594     72.114    17.8396    34.4716 157.052030  0.000e+00
    109.417  121.80326   25.18898     72.580     72.099    17.8400    34.4744 157.052030  0.000e+00
    109.458  121.80326   25.18898     72.543     72.063    17.8426    34.4749 157.052031  0.000e+00
    109.500  121.80326   25.18898     72.543     72.063    17.8505    34.4781 157.052031  0.000e+00
    109.542  121.80326   25.18898     72.492     72.012    17.8645    34.4822 157.052032  0.000e+00
    109.583  121.80326   25.18898     72.433     71.954    17.8845    34.4768 157.052032  0.000e+00
    109.625  121.80326   25.18898     72.433     71.954    17.8964    34.4711 157.052033  0.000e+00
    109.667  121.80326   25.18898     72.419     71.939    17.9067    34.4679 157.052033  0.000e+00
    109.708  121.80326   25.18898     72.382     71.903    17.9056    34.4499 157.052034  0.000e+00
    109.750  121.80326   25.18898     72.324     71.845    17.8531    34.4427 157.052034  0.000e+00
    109.792  121.80326   25.18898     72.324     71.845    17.8354    34.4608 157.052035  0.000e+00
    109.833  121.80326   25.18898     72.272     71.794    17.8495    34.4567 157.052035  0.000e+00
    109.875  121.80326   25.18898     72.272     71.794    17.8417    34.4726 157.052036  0.000e+00
    109.917  121.80326   25.18898     72.199     71.721    17.8663    34.4872 157.052036  0.000e+00
    109.958  121.80326   25.18898     72.163     71.685    17.8948    34.4894 157.052037  0.000e+00
    110.000  121.80326   25.18898     72.221     71.743    17.9265    34.4906 157.052037  0.000e+00
    110.042  121.80326   25.18898     72.112     71.634    17.9562    34.4731 157.052038  0.000e+00
    110.083  121.80326   25.18898     72.112     71.634    17.9581    34.4682 157.052038  0.000e+00
    110.125  121.80326   25.18898     72.112     71.634    17.9703    34.4798 157.052038  0.000e+00
    110.167  121.80326   25.18898     72.038     71.562    18.0054    34.4878 157.052039  0.000e+00
    110.208  121.80326   25.18898     72.002     71.525    18.0491    34.4782 157.052039  0.000e+00
    110.250  121.80326   25.18898     72.002     71.525    18.0709    34.4621 157.052040  0.000e+00
    110.292  121.80326   25.18898     71.951     71.475    18.0750    34.4567 157.052040  0.000e+00
    110.333  121.80326   25.18898     71.951     71.475    18.0795    34.4565 157.052041  0.000e+00
    110.375  121.80326   25.18898     71.892     71.417    18.0840    34.4552 157.052041  0.000e+00
    110.417  121.80326   25.18898     71.819     71.344    18.0845    34.4529 157.052042  0.000e+00
    110.458  121.80326   25.18898     71.841     71.366    18.0817    34.4496 157.052042  0.000e+00
    110.500  121.80326   25.18898     71.841     71.366    18.0747    34.4462 157.052043  0.000e+00
    110.542  121.80326   25.18898     71.731     71.257    18.0693    34.4542 157.052043  0.000e+00
    110.583  121.80326   25.18898     71.783     71.308    18.0759    34.4585 157.052044  0.000e+00
    110.625  121.80326   25.18898     71.622     71.148    18.0809    34.4597 157.052044  0.000e+00
    110.667  121.80326   25.18898     71.658     71.184    18.0884    34.4514 157.052045  0.000e+00
    110.708  121.80326   25.18898     71.673     71.199    18.0831    34.4414 157.052045  0.000e+00
    110.750  121.80326   25.18898     71.622     71.148    18.0726    34.4488 157.052046  0.000e+00
    110.792  121.80326   25.18898     71.571     71.097    18.0723    34.4610 157.052046  0.000e+00
    110.833  121.80326   25.18898     71.512     71.039    18.0819    34.4631 157.052047  0.000e+00
    110.875  121.80326   25.18898     71.512     71.039    18.0908    34.4561 157.052047  0.000e+00
    110.917  121.80326   25.18898     71.571     71.097    18.0915    34.4549 157.052048  0.000e+00
    110.958  121.80326   25.18898     71.388     70.915    18.0925    34.4563 157.052048  0.000e+00
    111.000  121.80326   25.18898     71.461     70.988    18.0934    34.4518 157.052049  0.000e+00
    111.042  121.80326   25.18898     71.402     70.930    18.0759    34.4416 157.052049  0.000e+00
    111.083  121.80326   25.18898     71.402     70.930    18.0439    34.4394 157.052050  0.000e+00
    111.125  121.80326   25.18898     71.300     70.828    18.0184    34.4432 157.052050  0.000e+00
    111.167  121.80326   25.18898     71.351     70.879    18.0016    34.4596 157.052051  0.000e+00
    111.208  121.80326   25.18898     71.242     70.770    18.0068    34.4829 157.052051  0.000e+00
    111.250  121.80326   25.18898     71.168     70.698    18.0354    34.4860 157.052052  0.000e+00
    111.292  121.80326   25.18898     71.242     70.770    18.0621    34.4698 157.052052  0.000e+00
    111.333  121.80326   25.18898     71.132     70.661    18.0673    34.4490 157.052052  0.000e+00
    111.375  121.80326   25.18898     71.132     70.661    18.0507    34.4459 157.052053  0.000e+00
    111.417  121.80326   25.18898     71.132     70.661    18.0381    34.4485 157.052053  0.000e+00
    111.458  121.80326   25.18898     71.081     70.610    18.0268    34.4606 157.052054  0.000e+00
    111.500  121.80326   25.18898     71.022     70.552    18.0311    34.4712 157.052054  0.000e+00
    111.542  121.80326   25.18898     71.008     70.538    18.0489    34.4736 157.052055  0.000e+00
    111.583  121.80326   25.18898     71.022     70.552    18.0766    34.4652 157.052055  0.000e+00
    111.625  121.80326   25.18898     70.971     70.502    18.0803    34.4475 157.052056  0.000e+00
    111.667  121.80326   25.18898     70.920     70.451    18.0708    34.4545 157.052056  0.000e+00
    111.708  121.80326   25.18898     70.861     70.393    18.0819    34.4604 157.052057  0.000e+00
    111.750  121.80326   25.18898     70.920     70.451    18.0889    34.4598 157.052057  0.000e+00
    111.792  121.80326   25.18898     70.861     70.393    18.0936    34.4630 157.052058  0.000e+00
    111.833  121.80326   25.18898     70.796     70.327    18.1091    34.4678 157.052058  0.000e+00
    111.875  121.80326   25.18898     70.752     70.284    18.1286    34.4624 157.052059  0.000e+00
    111.917  121.80326   25.18898     70.752     70.284    18.1310    34.4470 157.052059  0.000e+00
    111.958  121.80326   25.18898     70.752     70.284    18.1035    34.4241 157.052060  0.000e+00
    112.000  121.80326   25.18898     70.649     70.182    18.0536    34.4169 157.052060  0.000e+00
    112.042  121.80326   25.18898     70.649     70.182    17.9970    34.4064 157.052061  0.000e+00
    112.083  121.80326   25.18898     70.649     70.182    17.9266    34.4291 157.052061  0.000e+00
    112.125  121.80326   25.18898     70.576     70.109    17.8780    34.4606 157.052062  0.000e+00
    112.167  121.80326   25.18898     70.540     70.073    17.8754    34.5460 157.052062  0.000e+00
    112.208  121.80326   25.18898     70.540     70.073    17.9939    34.6120 157.052063  0.000e+00
    112.250  121.80326   25.18898     70.481     70.015    18.1720    34.5508 157.052063  0.000e+00
    112.292  121.80326   25.18898     70.481     70.015    18.2406    34.4824 157.052064  0.000e+00
    112.333  121.80326   25.18898     70.430     69.964    18.2756    34.5179 157.052064  0.000e+00
    112.375  121.80326   25.18898     70.430     69.964    18.3960    34.5179 157.052065  0.000e+00
    112.417  121.80326   25.18898     70.371     69.906    18.5001    34.4776 157.052065  0.000e+00
    112.458  121.80326   25.18898     70.357     69.892    18.5555    34.4385 157.052065  0.000e+00
    112.500  121.80326   25.18898     70.320     69.855    18.5746    34.4310 157.052066  0.000e+00
    112.542  121.80326   25.18898     70.320     69.855    18.5957    34.4294 157.052066  0.000e+00
    112.583  121.80326   25.18898     70.320     69.855    18.6016    34.4057 157.052067  0.000e+00
    112.625  121.80326   25.18898     70.211     69.746    18.5589    34.3689 157.052067  0.000e+00
    112.667  121.80326   25.18898     70.269     69.804    18.4881    34.3790 157.052068  0.000e+00
    112.708  121.80326   25.18898     70.211     69.746    18.4673    34.4183 157.052068  0.000e+00
    112.750  121.80326   25.18898     70.211     69.746    18.4726    34.4051 157.052069  0.000e+00
    112.792  121.80326   25.18898     70.196     69.732    18.4210    34.3949 157.052069  0.000e+00
    112.833  121.80326   25.18898     70.101     69.637    18.3754    34.4136 157.052070  0.000e+00
    112.875  121.80326   25.18898     70.101     69.637    18.3647    34.4490 157.052070  0.000e+00
    112.917  121.80326   25.18898     70.050     69.587    18.3965    34.4634 157.052071  0.000e+00
    112.958  121.80326   25.18898     70.050     69.587    18.4359    34.4612 157.052071  0.000e+00
    113.000  121.80326   25.18898     70.050     69.587    18.4886    34.4696 157.052072  0.000e+00
    113.042  121.80326   25.18898     69.940     69.478    18.5537    34.4626 157.052072  0.000e+00
    113.083  121.80326   25.18898     69.999     69.536    18.5926    34.4403 157.052073  0.000e+00
    113.125  121.80326   25.18898     69.926     69.463    18.6057    34.4281 157.052073  0.000e+00
    113.167  121.80326   25.18898     69.940     69.478    18.6081    34.4216 157.052074  0.000e+00
    113.208  121.80326   25.18898     69.889     69.427    18.6047    34.4175 157.052074  0.000e+00
    113.250  121.80326   25.18898     69.830     69.369    18.5978    34.4194 157.052075  0.000e+00
    113.292  121.80326   25.18898     69.889     69.427    18.5973    34.4231 157.052075  0.000e+00
