coding/cr2370/ctd/cr2370/c3-1.txt
* Sea-Bird SBE 9 Data File:
* FileName = D:\ctddata\cr2370\C3-1.hex
* Software Version Seasave V 7.20g
* Temperature SN = 6284
* Conductivity SN = 4751
* Number of Bytes Per Scan = 34
* Number of Voltage Words = 5
* Number of Scans Averaged by the Deck Unit = 1
* NMEA Latitude = 25 11.33 N
* NMEA Longitude = 121 48.19 E
* NMEA UTC (Time) = Jun 06 2019  01:13:06
** Ship: OR2
** Station: C3-1
** Operator: CR2370
** 84
** 75
# nquan = 9
# nvalues = 5355                                  
# units = specified
# name 0 = timeS: Time, Elapsed [seconds]
# name 1 = longitude: Longitude [deg]
# name 2 = latitude: Latitude [deg]
# name 3 = prDM: Pressure, Digiquartz [db]
# name 4 = depSM: Depth [salt water, m]
# name 5 = t090C: Temperature [ITS-90, deg C]
# name 6 = sal00: Salinity, Practical [PSU]
# name 7 = timeJ: Julian Days
# name 8 = flag:  0.000e+00
# span 0 =      0.000,    223.083                 
# span 1 =  121.80316,  121.80332                 
# span 2 =   25.18886,   25.18934                 
# span 3 =      1.398,     75.636                 
# span 4 =      1.389,     75.135                 
# span 5 =    17.4984,    26.3790                 
# span 6 =    34.0466,    34.6120                 
# span 7 = 157.050764, 157.053346                 
# span 8 = 0.0000e+00, 0.0000e+00                 
# interval = seconds: 0.0416667
# start_time = Jun 06 2019 01:13:06 [NMEA time, header]
# bad_flag = -9.990e-29
*END*
[from data line 2241]
     93.375  121.80326   25.18894     69.779     69.318    19.6702    34.4140 157.051845  0.000e+00
     93.417  121.80326   25.18894     69.830     69.369    19.6838    34.4135 157.051845  0.000e+00
     93.458  121.80326   25.18894     69.830     69.369    19.6825    34.4039 157.051846  0.000e+00
     93.500  121.80326   25.18894     69.830     69.369    19.6576    34.3992 157.051846  0.000e+00
     93.542  121.80326   25.18894     69.940     69.478    19.6334    34.4042 157.051847  0.000e+00
     93.583  121.80326   25.18894     69.940     69.478    19.6244    34.4052 157.051847  0.000e+00
     93.625  121.80326   25.18894     69.977     69.514    19.6156    34.4042 157.051848  0.000e+00
     93.667  121.80326   25.18894     70.050     69.586    19.6045    34.4055 157.051848  0.000e+00
     93.708  121.80326   25.18894     69.999     69.536    19.5967    34.4077 157.051848  0.000e+00
     93.750  121.80326   25.18894     70.050     69.586    19.5922    34.4091 157.051849  0.000e+00
     93.792  121.80326   25.18894     70.101     69.637    19.5906    34.4065 157.051849  0.000e+00
     93.833  121.80326   25.18894     70.101     69.637    19.5629    34.3807 157.051850  0.000e+00
     93.875  121.80326   25.18894     70.211     69.746    19.4866    34.3669 157.051850  0.000e+00
     93.917  121.80326   25.18894     70.211     69.746    19.3863    34.3652 157.051851  0.000e+00
     93.958  121.80326   25.18894     70.145     69.681    19.2843    34.3885 157.051851  0.000e+00
     94.000  121.80326   25.18894     70.269     69.804    19.2323    34.4125 157.051852  0.000e+00
     94.042  121.80326   25.18894     70.320     69.855    19.2205    34.4302 157.051852  0.000e+00
     94.083  121.80326   25.18894     70.269     69.804    19.2295    34.4414 157.051853  0.000e+00
     94.125  121.80326   25.18894     70.371     69.906    19.2569    34.4424 157.051853  0.000e+00
     94.167  121.80326   25.18894     70.371     69.906    19.2642    34.4248 157.051854  0.000e+00
     94.208  121.80326   25.18894     70.371     69.906    19.2226    34.4146 157.051854  0.000e+00
     94.250  121.80326   25.18894     70.430     69.964    19.1906    34.4205 157.051855  0.000e+00
     94.292  121.80326   25.18894     70.415     69.950    19.1703    34.4116 157.051855  0.000e+00
     94.333  121.80326   25.18894     70.481     70.015    19.0823    34.3853 157.051856  0.000e+00
     94.375  121.80326   25.18894     70.540     70.073    18.9267    34.3561 157.051856  0.000e+00
     94.417  121.80326   25.18894     70.591     70.124    18.7396    34.3538 157.051857  0.000e+00
     94.458  121.80326   25.18894     70.540     70.073    18.5581    34.3768 157.051857  0.000e+00
     94.500  121.80326   25.18894     70.591     70.124    18.4241    34.4138 157.051858  0.000e+00
     94.542  121.80326   25.18894     70.649     70.182    18.3500    34.4561 157.051858  0.000e+00
     94.583  121.80326   25.18894     70.686     70.218    18.3340    34.4924 157.051859  0.000e+00
     94.625  121.80326   25.18894     70.649     70.182    18.3515    34.5161 157.051859  0.000e+00
     94.667  121.80326   25.18894     70.752     70.284    18.4099    34.5146 157.051860  0.000e+00
     94.708  121.80326   25.18894     70.752     70.284    18.4608    34.5181 157.051860  0.000e+00
     94.750  121.80326   25.18894     70.810     70.342    18.5384    34.5330 157.051861  0.000e+00
     94.792  121.80326   25.18894     70.752     70.284    18.6379    34.5053 157.051861  0.000e+00
     94.833  121.80326   25.18894     70.861     70.393    18.6574    34.4635 157.051861  0.000e+00
     94.875  121.80326   25.18894     70.810     70.342    18.6421    34.4619 157.051862  0.000e+00
     94.917  121.80326   25.18894     70.898     70.429    18.6064    34.4600 157.051862  0.000e+00
     94.958  121.80326   25.18894     70.920     70.451    18.5340    34.4543 157.051863  0.000e+00
     95.000  121.80326   25.18894     70.971     70.501    18.5034    34.4665 157.051863  0.000e+00
     95.042  121.80326   25.18894     70.971     70.501    18.5228    34.4849 157.051864  0.000e+00
     95.083  121.80326   25.18894     70.971     70.501    18.5591    34.5033 157.051864  0.000e+00
     95.125  121.80326   25.18894     71.022     70.552    18.5921    34.4890 157.051865  0.000e+00
     95.167  121.80326   25.18894     71.081     70.610    18.5869    34.4742 157.051865  0.000e+00
     95.208  121.80326   25.18894     71.066     70.596    18.5890    34.4732 157.051866  0.000e+00
     95.250  121.80326   25.18894     71.081     70.610    18.6023    34.4678 157.051866  0.000e+00
     95.292  121.80326   25.18894     71.190     70.719    18.6026    34.4573 157.051867  0.000e+00
     95.333  121.80326   25.18894     71.132     70.661    18.5758    34.4255 157.051867  0.000e+00
     95.375  121.80326   25.18894     71.190     70.719    18.4957    34.4247 157.051868  0.000e+00
     95.417  121.80326   25.18894     71.190     70.719    18.4323    34.4541 157.051868  0.000e+00
     95.458  121.80326   25.18894     71.300     70.828    18.4442    34.4967 157.051869  0.000e+00
     95.500  121.80326   25.18894     71.278     70.806    18.5005    34.4767 157.051869  0.000e+00
     95.542  121.80326   25.18894     71.300     70.828    18.4780    34.4120 157.051870  0.000e+00
     95.583  121.80326   25.18894     71.300     70.828    18.3153    34.4131 157.051870  0.000e+00
     95.625  121.80326   25.18894     71.402     70.930    18.1852    34.4323 157.051871  0.000e+00
     95.667  121.80326   25.18894     71.402     70.930    18.1081    34.4320 157.051871  0.000e+00
     95.708  121.80326   25.18894     71.461     70.988    18.0218    34.4531 157.051872  0.000e+00
     95.750  121.80326   25.18894     71.461     70.988    17.9668    34.4762 157.051872  0.000e+00
     95.792  121.80326   25.18894     71.439     70.966    17.9383    34.4941 157.051873  0.000e+00
     95.833  121.80326   25.18894     71.512     71.039    17.9265    34.5016 157.051873  0.000e+00
     95.875  121.80326   25.18894     71.461     70.988    17.9188    34.5028 157.051874  0.000e+00
     95.917  121.80326   25.18894     71.622     71.148    17.9060    34.5035 157.051874  0.000e+00
     95.958  121.80326   25.18894     71.622     71.148    17.8907    34.5065 157.051875  0.000e+00
     96.000  121.80326   25.18894     71.622     71.148    17.8783    34.5069 157.051875  0.000e+00
     96.042  121.80326   25.18894     71.658     71.184    17.8692    34.5103 157.051875  0.000e+00
     96.083  121.80326   25.18894     71.673     71.199    17.8680    34.5163 157.051876  0.000e+00
     96.125  121.80326   25.18894     71.731     71.257    17.8752    34.5174 157.051876  0.000e+00
     96.167  121.80326   25.18894     71.673     71.199    17.8828    34.5140 157.051877  0.000e+00
     96.208  121.80326   25.18894     71.841     71.366    17.8873    34.5108 157.051877  0.000e+00
     96.250  121.80326   25.18894     71.782     71.307    17.8904    34.5093 157.051878  0.000e+00
     96.292  121.80326   25.18894     71.819     71.344    17.8938    34.5085 157.051878  0.000e+00
     96.333  121.80326   25.18894     71.841     71.366    17.8976    34.5083 157.051879  0.000e+00
     96.375  121.80326   25.18894     71.892     71.416    17.9025    34.5074 157.051879  0.000e+00
     96.417  121.80326   25.18894     71.841     71.366    17.9051    34.5048 157.051880  0.000e+00
     96.458  121.80326   25.18894     72.002     71.525    17.8967    34.5028 157.051880  0.000e+00
     96.500  121.80326   25.18894     72.002     71.525    17.8964    34.4987 157.051881  0.000e+00
     96.542  121.80326   25.18894     71.951     71.475    17.8962    34.5016 157.051881  0.000e+00
     96.583  121.80326   25.18894     72.038     71.562    17.8918    34.5039 157.051882  0.000e+00
     96.625  121.80326   25.18894     72.002     71.525    17.8890    34.5030 157.051882  0.000e+00
     96.667  121.80326   25.18894     72.053     71.576    17.8885    34.5036 157.051883  0.000e+00
     96.708  121.80326   25.18894     72.111     71.634    17.8888    34.5014 157.051883  0.000e+00
     96.750  121.80326   25.18894     72.163     71.685    17.8870    34.5007 157.051884  0.000e+00
     96.792  121.80326   25.18894     72.163     71.685    17.8861    34.5007 157.051884  0.000e+00
     96.833  121.80326   25.18894     72.148     71.671    17.8860    34.5021 157.051885  0.000e+00
     96.875  121.80326   25.18894     72.221     71.743    17.8885    34.5015 157.051885  0.000e+00
     96.917  121.80326   25.18894     72.221     71.743    17.8859    34.4984 157.051886  0.000e+00
     96.958  121.80326   25.18894     72.272     71.794    17.8754    34.4989 157.051886  0.000e+00
     97.000  121.80326   25.18894     72.272     71.794    17.8692    34.4911 157.051887  0.000e+00
     97.042  121.80326   25.18894     72.324     71.845    17.8507    34.4798 157.051887  0.000e+00
     97.083  121.80326   25.18894     72.360     71.881    17.8180    34.4814 157.051888  0.000e+00
     97.125  121.80326   25.18894     72.382     71.903    17.7838    34.4932 157.051888  0.000e+00
     97.167  121.80326   25.18894     72.324     71.845    17.7659    34.4993 157.051889  0.000e+00
     97.208  121.80326   25.18894     72.433     71.954    17.7482    34.5021 157.051889  0.000e+00
     97.250  121.80326   25.18894     72.433     71.954    17.7320    34.5057 157.051889  0.000e+00
     97.292  121.80326   25.18894     72.433     71.954    17.7270    34.5084 157.051890  0.000e+00
     97.333  121.80326   25.18894     72.579     72.099    17.7263    34.5137 157.051890  0.000e+00
     97.375  121.80326   25.18894     72.543     72.063    17.7328    34.5116 157.051891  0.000e+00
     97.417  121.80326   25.18894     72.543     72.063    17.7379    34.5064 157.051891  0.000e+00
     97.458  121.80326   25.18894     72.594     72.114    17.7296    34.5061 157.051892  0.000e+00
     97.500  121.80326   25.18894     72.594     72.114    17.7123    34.5078 157.051892  0.000e+00
     97.542  121.80326   25.18894     72.631     72.150    17.7056    34.5134 157.051893  0.000e+00
     97.583  121.80326   25.18894     72.653     72.172    17.7145    34.5102 157.051893  0.000e+00
     97.625  121.80326   25.18894     72.704     72.222    17.7060    34.5012 157.051894  0.000e+00
     97.667  121.80326   25.18894     72.704     72.222    17.6750    34.4967 157.051894  0.000e+00
     97.708  121.80326   25.18894     72.653     72.172    17.6419    34.4960 157.051895  0.000e+00
     97.750  121.80326   25.18894     72.813     72.331    17.6175    34.4973 157.051895  0.000e+00
     97.792  121.80326   25.18894     72.799     72.317    17.6040    34.5008 157.051896  0.000e+00
     97.833  121.80326   25.18894     72.813     72.331    17.5942    34.5065 157.051896  0.000e+00
     97.875  121.80326   25.18894     72.813     72.331    17.5862    34.5111 157.051897  0.000e+00
     97.917  121.80326   25.18894     72.872     72.389    17.5803    34.5139 157.051897  0.000e+00
     97.958  121.80326   25.18894     72.923     72.440    17.5800    34.5165 157.051898  0.000e+00
     98.000  121.80326   25.18894     72.908     72.426    17.5841    34.5171 157.051898  0.000e+00
     98.042  121.80326   25.18894     72.974     72.491    17.5913    34.5160 157.051899  0.000e+00
     98.083  121.80326   25.18894     72.974     72.491    17.6037    34.5189 157.051899  0.000e+00
     98.125  121.80326   25.18894     72.974     72.491    17.6279    34.5202 157.051900  0.000e+00
     98.167  121.80326   25.18894     73.084     72.600    17.6431    34.5177 157.051900  0.000e+00
     98.208  121.80326   25.18894     73.033     72.549    17.6479    34.5091 157.051901  0.000e+00
     98.250  121.80326   25.18894     73.069     72.586    17.6433    34.5033 157.051901  0.000e+00
     98.292  121.80326   25.18894     73.142     72.658    17.6392    34.5040 157.051902  0.000e+00
     98.333  121.80326   25.18894     73.142     72.658    17.6414    34.5054 157.051902  0.000e+00
     98.375  121.80326   25.18894     73.194     72.709    17.6406    34.5055 157.051902  0.000e+00
     98.417  121.80326   25.18894     73.194     72.709    17.6347    34.5052 157.051903  0.000e+00
     98.458  121.80326   25.18894     73.179     72.694    17.6255    34.5061 157.051903  0.000e+00
     98.500  121.80326   25.18894     73.245     72.760    17.6215    34.5045 157.051904  0.000e+00
     98.542  121.80326   25.18894     73.303     72.818    17.6168    34.5034 157.051904  0.000e+00
     98.583  121.80326   25.18894     73.303     72.818    17.6105    34.5045 157.051905  0.000e+00
     98.625  121.80326   25.18894     73.354     72.869    17.6105    34.5054 157.051905  0.000e+00
     98.667  121.80326   25.18894     73.391     72.905    17.6141    34.5063 157.051906  0.000e+00
     98.708  121.80326   25.18894     73.413     72.927    17.6179    34.5072 157.051906  0.000e+00
     98.750  121.80326   25.18894     73.413     72.927    17.6232    34.5062 157.051907  0.000e+00
     98.792  121.80326   25.18894     73.413     72.927    17.6261    34.5062 157.051907  0.000e+00
     98.833  121.80326   25.18894     73.523     73.036    17.6292    34.5045 157.051908  0.000e+00
     98.875  121.80326   25.18894     73.501     73.014    17.6315    34.5057 157.051908  0.000e+00
     98.917  121.80326   25.18894     73.574     73.087    17.6421    34.5076 157.051909  0.000e+00
     98.958  121.80326   25.18894     73.574     73.087    17.6518    34.5062 157.051909  0.000e+00
     99.000  121.80326   25.18894     73.625     73.137    17.6542    34.4997 157.051910  0.000e+00
     99.042  121.80326   25.18894     73.625     73.137    17.6464    34.4951 157.051910  0.000e+00
     99.083  121.80326   25.18894     73.610     73.123    17.6353    34.4988 157.051911  0.000e+00
     99.125  121.80326   25.18894     73.683     73.196    17.6335    34.5030 157.051911  0.000e+00
     99.167  121.80326   25.18894     73.793     73.305    17.6252    34.4999 157.051912  0.000e+00
     99.208  121.80326   25.18894     73.793     73.305    17.6122    34.5036 157.051912  0.000e+00
     99.250  121.80326   25.18894     73.735     73.246    17.6193    34.5053 157.051913  0.000e+00
     99.292  121.80326   25.18894     73.822     73.334    17.6249    34.5033 157.051913  0.000e+00
     99.333  121.80326   25.18894     73.844     73.355    17.6115    34.4958 157.051914  0.000e+00
     99.375  121.80326   25.18894     73.896     73.406    17.5889    34.4906 157.051914  0.000e+00
     99.417  121.80326   25.18894     73.896     73.406    17.5703    34.5003 157.051915  0.000e+00
     99.458  121.80326   25.18894     73.896     73.406    17.5776    34.5088 157.051915  0.000e+00
     99.500  121.80326   25.18894     73.932     73.442    17.5957    34.5123 157.051916  0.000e+00
     99.542  121.80326   25.18894     74.064     73.573    17.6092    34.5103 157.051916  0.000e+00
     99.583  121.80326   25.18894     74.005     73.515    17.6093    34.5056 157.051916  0.000e+00
     99.625  121.80326   25.18894     74.005     73.515    17.6035    34.5011 157.051917  0.000e+00
     99.667  121.80326   25.18894     74.115     73.624    17.5966    34.5003 157.051917  0.000e+00
     99.708  121.80326   25.18894     74.151     73.660    17.5927    34.5007 157.051918  0.000e+00
     99.750  121.80326   25.18894     74.115     73.624    17.5920    34.5011 157.051918  0.000e+00
     99.792  121.80326   25.18896     74.173     73.682    17.5913    34.5040 157.051919  0.000e+00
     99.833  121.80326   25.18896     74.225     73.733    17.5939    34.5071 157.051919  0.000e+00
     99.875  121.80326   25.18896     74.225     73.733    17.6027    34.5059 157.051920  0.000e+00
     99.917  121.80326   25.18896     74.312     73.820    17.6115    34.5059 157.051920  0.000e+00
     99.958  121.80326   25.18896     74.276     73.784    17.6209    34.5071 157.051921  0.000e+00
