coding/cr2370/ctd/cr2370/c3-1.txt
* Sea-Bird SBE 9 Data File:
* FileName = D:\ctddata\cr2370\C3-1.hex
* Software Version Seasave V 7.20g
* Temperature SN = 6284
* Conductivity SN = 4751
* Number of Bytes Per Scan = 34
* Number of Voltage Words = 5
* Number of Scans Averaged by the Deck Unit = 1
* NMEA Latitude = 25 11.33 N
* NMEA Longitude = 121 48.19 E
* NMEA UTC (Time) = Jun 06 2019  01:13:06
** Ship: OR2
** Station: C3-1
** Operator: CR2370
** 84
** 75
# nquan = 9
# nvalues = 5355                                  
# units = specified
# name 0 = timeS: Time, Elapsed [seconds]
# name 1 = longitude: Longitude [deg]
# name 2 = latitude: Latitude [deg]
# name 3 = prDM: Pressure, Digiquartz [db]
# name 4 = depSM: Depth [salt water, m]
# name 5 = t090C: Temperature [ITS-90, deg C]
# name 6 = sal00: Salinity, Practical [PSU]
# name 7 = timeJ: Julian Days
# name 8 = flag:  0.000e+00
# span 0 =      0.000,    223.083                 
# span 1 =  121.80316,  121.80332                 
# span 2 =   25.18886,   25.18934                 
# span 3 =      1.398,     75.636                 
# span 4 =      1.389,     75.135                 
# span 5 =    17.4984,    26.3790                 
# span 6 =    34.0466,    34.6120                 
# span 7 = 157.050764, 157.053346                 
# span 8 = 0.0000e+00, 0.0000e+00                 
# interval = seconds: 0.0416667
# start_time = Jun 06 2019 01:13:06 [NMEA time, header]
# bad_flag = -9.990e-29
*END*
[from data line 801]
     33.375  121.80328   25.18886     23.358     23.207    25.6528    34.0812 157.051150  0.000e+00
     33.417  121.80328   25.18886     23.358     23.207    25.6520    34.0799 157.051151  0.000e+00
     33.458  121.80328   25.18886     23.410     23.257    25.6511    34.0810 157.051151  0.000e+00
     33.500  121.80328   25.18886     23.468     23.315    25.6508    34.0802 157.051152  0.000e+00
     33.542  121.80328   25.18886     23.468     23.315    25.6497    34.0809 157.051152  0.000e+00
     33.583  121.80328   25.18886     23.468     23.315    25.6475    34.0805 157.051153  0.000e+00
     33.625  121.80328   25.18886     23.592     23.439    25.6445    34.0812 157.051153  0.000e+00
     33.667  121.80328   25.18886     23.578     23.424    25.6447    34.0812 157.051154  0.000e+00
     33.708  121.80328   25.18886     23.578     23.424    25.6438    34.0811 157.051154  0.000e+00
     33.750  121.80328   25.18886     23.629     23.475    25.6379    34.0816 157.051155  0.000e+00
     33.792  121.80328   25.18886     23.680     23.526    25.6325    34.0818 157.051155  0.000e+00
     33.833  121.80328   25.18886     23.738     23.584    25.6291    34.0823 157.051155  0.000e+00
     33.875  121.80328   25.18886     23.738     23.584    25.6282    34.0833 157.051156  0.000e+00
     33.917  121.80328   25.18886     23.738     23.584    25.6286    34.0831 157.051156  0.000e+00
     33.958  121.80328   25.18886     23.899     23.744    25.6296    34.0833 157.051157  0.000e+00
     34.000  121.80328   25.18886     23.848     23.693    25.6305    34.0832 157.051157  0.000e+00
     34.042  121.80328   25.18886     23.899     23.744    25.6310    34.0829 157.051158  0.000e+00
     34.083  121.80328   25.18886     23.914     23.758    25.6299    34.0827 157.051158  0.000e+00
     34.125  121.80328   25.18886     23.950     23.794    25.6291    34.0824 157.051159  0.000e+00
     34.167  121.80328   25.18886     24.009     23.852    25.6276    34.0827 157.051159  0.000e+00
     34.208  121.80328   25.18886     24.060     23.903    25.6257    34.0833 157.051160  0.000e+00
     34.250  121.80328   25.18886     24.118     23.961    25.6251    34.0832 157.051160  0.000e+00
     34.292  121.80328   25.18886     24.060     23.903    25.6274    34.0836 157.051161  0.000e+00
     34.333  121.80328   25.18886     24.169     24.012    25.6293    34.0833 157.051161  0.000e+00
     34.375  121.80328   25.18886     24.220     24.063    25.6306    34.0842 157.051162  0.000e+00
     34.417  121.80328   25.18886     24.220     24.063    25.6348    34.0837 157.051162  0.000e+00
     34.458  121.80328   25.18886     24.220     24.063    25.6435    34.0828 157.051163  0.000e+00
     34.500  121.80328   25.18886     24.293     24.136    25.6499    34.0816 157.051163  0.000e+00
     34.542  121.80328   25.18886     24.388     24.230    25.6529    34.0803 157.051164  0.000e+00
     34.583  121.80328   25.18886     24.330     24.172    25.6538    34.0809 157.051164  0.000e+00
     34.625  121.80328   25.18886     24.388     24.230    25.6547    34.0809 157.051165  0.000e+00
     34.667  121.80328   25.18886     24.498     24.339    25.6583    34.0810 157.051165  0.000e+00
     34.708  121.80328   25.18886     24.498     24.339    25.6622    34.0799 157.051166  0.000e+00
     34.750  121.80328   25.18886     24.498     24.339    25.6651    34.0802 157.051166  0.000e+00
     34.792  121.80328   25.18886     24.498     24.339    25.6665    34.0793 157.051167  0.000e+00
     34.833  121.80328   25.18886     24.659     24.498    25.6669    34.0793 157.051167  0.000e+00
     34.875  121.80328   25.18886     24.600     24.440    25.6671    34.0793 157.051168  0.000e+00
     34.917  121.80328   25.18886     24.622     24.462    25.6662    34.0785 157.051168  0.000e+00
     34.958  121.80328   25.18886     24.710     24.549    25.6646    34.0790 157.051168  0.000e+00
     35.000  121.80328   25.18886     24.710     24.549    25.6636    34.0783 157.051169  0.000e+00
     35.042  121.80328   25.18886     24.768     24.607    25.6644    34.0794 157.051169  0.000e+00
     35.083  121.80328   25.18886     24.768     24.607    25.6672    34.0791 157.051170  0.000e+00
     35.125  121.80328   25.18886     24.819     24.658    25.6688    34.0793 157.051170  0.000e+00
     35.167  121.80328   25.18886     24.871     24.709    25.6694    34.0793 157.051171  0.000e+00
     35.208  121.80328   25.18886     24.871     24.709    25.6700    34.0787 157.051171  0.000e+00
     35.250  121.80328   25.18886     24.871     24.709    25.6696    34.0794 157.051172  0.000e+00
     35.292  121.80328   25.18886     24.944     24.781    25.6686    34.0786 157.051172  0.000e+00
     35.333  121.80328   25.18886     24.980     24.818    25.6678    34.0791 157.051173  0.000e+00
     35.375  121.80328   25.18886     24.980     24.818    25.6662    34.0789 157.051173  0.000e+00
     35.417  121.80328   25.18886     25.039     24.876    25.6655    34.0794 157.051174  0.000e+00
     35.458  121.80328   25.18886     25.090     24.927    25.6638    34.0797 157.051174  0.000e+00
     35.500  121.80328   25.18886     25.090     24.927    25.6616    34.0794 157.051175  0.000e+00
     35.542  121.80328   25.18886     25.090     24.927    25.6597    34.0804 157.051175  0.000e+00
     35.583  121.80328   25.18886     25.141     24.977    25.6583    34.0804 157.051176  0.000e+00
     35.625  121.80328   25.18886     25.163     24.999    25.6590    34.0810 157.051176  0.000e+00
     35.667  121.80328   25.18886     25.199     25.035    25.6607    34.0800 157.051177  0.000e+00
     35.708  121.80328   25.18886     25.250     25.086    25.6610    34.0806 157.051177  0.000e+00
     35.750  121.80328   25.18886     25.309     25.144    25.6596    34.0806 157.051178  0.000e+00
     35.792  121.80328   25.18886     25.199     25.035    25.6583    34.0801 157.051178  0.000e+00
     35.833  121.80328   25.18886     25.360     25.195    25.6554    34.0810 157.051179  0.000e+00
     35.875  121.80328   25.18886     25.309     25.144    25.6560    34.0811 157.051179  0.000e+00
     35.917  121.80328   25.18886     25.360     25.195    25.6576    34.0817 157.051180  0.000e+00
     35.958  121.80328   25.18886     25.360     25.195    25.6576    34.0809 157.051180  0.000e+00
     36.000  121.80328   25.18886     25.484     25.318    25.6562    34.0814 157.051181  0.000e+00
     36.042  121.80328   25.18886     25.418     25.253    25.6554    34.0815 157.051181  0.000e+00
     36.083  121.80328   25.18886     25.470     25.304    25.6564    34.0822 157.051182  0.000e+00
     36.125  121.80328   25.18886     25.470     25.304    25.6605    34.0812 157.051182  0.000e+00
     36.167  121.80328   25.18886     25.521     25.355    25.6631    34.0800 157.051182  0.000e+00
     36.208  121.80328   25.18886     25.579     25.413    25.6644    34.0804 157.051183  0.000e+00
     36.250  121.80328   25.18886     25.579     25.413    25.6651    34.0786 157.051183  0.000e+00
     36.292  121.80328   25.18886     25.594     25.427    25.6625    34.0789 157.051184  0.000e+00
     36.333  121.80328   25.18886     25.630     25.464    25.6604    34.0786 157.051184  0.000e+00
     36.375  121.80328   25.18886     25.630     25.464    25.6583    34.0789 157.051185  0.000e+00
     36.417  121.80328   25.18886     25.630     25.464    25.6515    34.0790 157.051185  0.000e+00
     36.458  121.80328   25.18886     25.740     25.572    25.6422    34.0793 157.051186  0.000e+00
     36.500  121.80328   25.18886     25.791     25.623    25.6323    34.0808 157.051186  0.000e+00
     36.542  121.80328   25.18886     25.791     25.623    25.6271    34.0820 157.051187  0.000e+00
     36.583  121.80328   25.18886     25.791     25.623    25.6238    34.0832 157.051187  0.000e+00
     36.625  121.80328   25.18886     25.864     25.696    25.6227    34.0840 157.051188  0.000e+00
     36.667  121.80328   25.18886     25.849     25.681    25.6221    34.0833 157.051188  0.000e+00
     36.708  121.80328   25.18886     25.959     25.790    25.6219    34.0843 157.051189  0.000e+00
     36.750  121.80328   25.18886     25.901     25.732    25.6236    34.0840 157.051189  0.000e+00
     36.792  121.80328   25.18886     25.959     25.790    25.6251    34.0847 157.051190  0.000e+00
     36.833  121.80328   25.18886     25.959     25.790    25.6258    34.0841 157.051190  0.000e+00
     36.875  121.80328   25.18886     26.061     25.892    25.6278    34.0834 157.051191  0.000e+00
     36.917  121.80328   25.18886     26.083     25.914    25.6277    34.0835 157.051191  0.000e+00
     36.958  121.80328   25.18886     26.061     25.892    25.6294    34.0843 157.051192  0.000e+00
     37.000  121.80328   25.18886     26.120     25.950    25.6316    34.0836 157.051192  0.000e+00
     37.042  121.80328   25.18886     26.171     26.001    25.6329    34.0837 157.051193  0.000e+00
     37.083  121.80328   25.18886     26.229     26.059    25.6328    34.0828 157.051193  0.000e+00
     37.125  121.80328   25.18886     26.229     26.059    25.6346    34.0816 157.051194  0.000e+00
     37.167  121.80328   25.18886     26.229     26.059    25.6353    34.0812 157.051194  0.000e+00
     37.208  121.80328   25.18886     26.295     26.124    25.6315    34.0822 157.051195  0.000e+00
     37.250  121.80328   25.18886     26.332     26.160    25.6245    34.0826 157.051195  0.000e+00
     37.292  121.80328   25.18886     26.332     26.160    25.6210    34.0835 157.051196  0.000e+00
     37.333  121.80328   25.18886     26.441     26.269    25.6195    34.0834 157.051196  0.000e+00
     37.375  121.80328   25.18886     26.441     26.269    25.6188    34.0841 157.051196  0.000e+00
     37.417  121.80328   25.18886     26.500     26.327    25.6181    34.0833 157.051197  0.000e+00
     37.458  121.80328   25.18886     26.551     26.378    25.6183    34.0832 157.051197  0.000e+00
     37.500  121.80328   25.18886     26.565     26.392    25.6167    34.0834 157.051198  0.000e+00
     37.542  121.80328   25.18886     26.551     26.378    25.6145    34.0848 157.051198  0.000e+00
     37.583  121.80328   25.18886     26.609     26.436    25.6132    34.0844 157.051199  0.000e+00
     37.625  121.80328   25.18886     26.660     26.487    25.6120    34.0848 157.051199  0.000e+00
     37.667  121.80328   25.18886     26.711     26.538    25.6107    34.0845 157.051200  0.000e+00
     37.708  121.80328   25.18886     26.711     26.538    25.6095    34.0846 157.051200  0.000e+00
     37.750  121.80328   25.18886     26.711     26.538    25.6068    34.0846 157.051201  0.000e+00
     37.792  121.80328   25.18886     26.836     26.661    25.6041    34.0847 157.051201  0.000e+00
     37.833  121.80328   25.18886     26.880     26.705    25.6018    34.0853 157.051202  0.000e+00
     37.875  121.80328   25.18886     26.880     26.705    25.5998    34.0856 157.051202  0.000e+00
     37.917  121.80328   25.18886     26.931     26.755    25.6003    34.0856 157.051203  0.000e+00
     37.958  121.80328   25.18886     26.931     26.755    25.5997    34.0851 157.051203  0.000e+00
     38.000  121.80328   25.18886     27.040     26.864    25.5971    34.0859 157.051204  0.000e+00
     38.042  121.80328   25.18886     27.055     26.879    25.5962    34.0854 157.051204  0.000e+00
     38.083  121.80328   25.18886     27.040     26.864    25.5948    34.0859 157.051205  0.000e+00
     38.125  121.80328   25.18886     27.091     26.915    25.5919    34.0863 157.051205  0.000e+00
     38.167  121.80328   25.18886     27.150     26.973    25.5897    34.0866 157.051206  0.000e+00
     38.208  121.80328   25.18886     27.201     27.024    25.5899    34.0869 157.051206  0.000e+00
     38.250  121.80328   25.18886     27.201     27.024    25.5890    34.0866 157.051207  0.000e+00
     38.292  121.80328   25.18886     27.267     27.089    25.5884    34.0869 157.051207  0.000e+00
     38.333  121.80328   25.18886     27.311     27.133    25.5894    34.0870 157.051208  0.000e+00
     38.375  121.80328   25.18886     27.311     27.133    25.5915    34.0868 157.051208  0.000e+00
     38.417  121.80328   25.18886     27.420     27.242    25.5932    34.0871 157.051209  0.000e+00
     38.458  121.80328   25.18886     27.420     27.242    25.5941    34.0866 157.051209  0.000e+00
     38.500  121.80328   25.18886     27.420     27.242    25.5946    34.0862 157.051209  0.000e+00
     38.542  121.80328   25.18886     27.486     27.307    25.5939    34.0867 157.051210  0.000e+00
     38.583  121.80328   25.18886     27.522     27.343    25.5950    34.0863 157.051210  0.000e+00
     38.625  121.80328   25.18886     27.581     27.401    25.5933    34.0860 157.051211  0.000e+00
     38.667  121.80328   25.18886     27.581     27.401    25.5913    34.0855 157.051211  0.000e+00
     38.708  121.80328   25.18886     27.632     27.452    25.5915    34.0873 157.051212  0.000e+00
     38.750  121.80328   25.18886     27.690     27.510    25.5932    34.0864 157.051212  0.000e+00
     38.792  121.80328   25.18886     27.705     27.525    25.5939    34.0866 157.051213  0.000e+00
     38.833  121.80328   25.18886     27.632     27.452    25.5935    34.0860 157.051213  0.000e+00
     38.875  121.80328   25.18886     27.800     27.619    25.5935    34.0858 157.051214  0.000e+00
     38.917  121.80328   25.18886     27.851     27.670    25.5920    34.0858 157.051214  0.000e+00
     38.958  121.80328   25.18886     27.800     27.619    25.5890    34.0853 157.051215  0.000e+00
     39.000  121.80328   25.18886     27.866     27.684    25.5867    34.0865 157.051215  0.000e+00
     39.042  121.80328   25.18886     27.902     27.721    25.5860    34.0856 157.051216  0.000e+00
     39.083  121.80328   25.18886     27.961     27.779    25.5851    34.0863 157.051216  0.000e+00
     39.125  121.80328   25.18886     27.961     27.779    25.5845    34.0859 157.051217  0.000e+00
     39.167  121.80328   25.18886     28.012     27.829    25.5836    34.0862 157.051217  0.000e+00
     39.208  121.80328   25.18886     28.012     27.829    25.5824    34.0859 157.051218  0.000e+00
     39.250  121.80328   25.18886     28.085     27.902    25.5797    34.0861 157.051218  0.000e+00
     39.292  121.80328   25.18886     28.070     27.887    25.5801    34.0861 157.051219  0.000e+00
     39.333  121.80328   25.18886     28.173     27.989    25.5806    34.0869 157.051219  0.000e+00
     39.375  121.80328   25.18886     28.173     27.989    25.5817    34.0866 157.051220  0.000e+00
     39.417  121.80328   25.18886     28.231     28.047    25.5826    34.0867 157.051220  0.000e+00
     39.458  121.80328   25.18886     28.187     28.004    25.5819    34.0858 157.051221  0.000e+00
     39.500  121.80328   25.18886     28.231     28.047    25.5797    34.0857 157.051221  0.000e+00
     39.542  121.80328   25.18886     28.282     28.098    25.5757    34.0856 157.051222  0.000e+00
     39.583  121.80328   25.18886     28.392     28.207    25.5711    34.0845 157.051222  0.000e+00
     39.625  121.80328   25.18886     28.341     28.156    25.5648    34.0848 157.051223  0.000e+00
     39.667  121.80328   25.18886     28.355     28.171    25.5589    34.0874 157.051223  0.000e+00
     39.708  121.80328   25.18886     28.443     28.258    25.5621    34.0888 157.051223  0.000e+00
     39.750  121.80328   25.18886     28.501     28.316    25.5684    34.0892 157.051224  0.000e+00
     39.792  121.80328   25.18886     28.443     28.258    25.5740    34.0885 157.051224  0.000e+00
     39.833  121.80328   25.18886     28.501     28.316    25.5786    34.0881 157.051225  0.000e+00
     39.875  121.80328   25.18886     28.501     28.316    25.5815    34.0877 157.051225  0.000e+00
     39.917  121.80328   25.18886     28.626     28.439    25.5824    34.0863 157.051226  0.000e+00
     39.958  121.80328   25.18888     28.552     28.366    25.5804    34.0863 157.051226  0.000e+00
