coding/cr2370/ctd/cr2370/c4-1.txt
* Sea-Bird SBE 9 Data File:
* FileName = D:\ctddata\cr2370\C4-1.hex
* Software Version Seasave V 7.20g
* Temperature SN = 6284
* Conductivity SN = 4751
* Number of Bytes Per Scan = 34
* Number of Voltage Words = 5
* Number of Scans Averaged by the Deck Unit = 1
* NMEA Latitude = 25 12.05 N
* NMEA Longitude = 121 48.52 E
* NMEA UTC (Time) = Jun 06 2019  01:27:20
** Ship: OR2
** Station: C4-1
** Operator: CR2370
** 117
** 110
# nquan = 9
# nvalues = 7687                                  
# units = specified
# name 0 = timeS: Time, Elapsed [seconds]
# name 1 = longitude: Longitude [deg]
# name 2 = latitude: Latitude [deg]
# name 3 = prDM: Pressure, Digiquartz [db]
# name 4 = depSM: Depth [salt water, m]
# name 5 = t090C: Temperature [ITS-90, deg C]
# name 6 = sal00: Salinity, Practical [PSU]
# name 7 = timeJ: Julian Days
# name 8 = flag:  0.000e+00
# span 0 =      0.000,    320.250                 
# span 1 =  121.80802,  121.80874                 
# span 2 =   25.20094,   25.20236                 
# span 3 =      1.695,    110.633                 
# span 4 =      1.684,    109.891                 
# span 5 =    16.6582,    26.4674                 
# span 6 =    34.0284,    34.5287                 
# span 7 = 157.060648, 157.064355                 
# span 8 = 0.0000e+00, 0.0000e+00                 
# interval = seconds: 0.0416667
# start_time = Jun 06 2019 01:27:20 [NMEA time, header]
# bad_flag = -9.990e-29
*END*
[from data line 4641]
    193.375  121.80844   25.20182     83.018     82.466    17.7722    34.4504 157.062886  0.000e+00
    193.417  121.80844   25.20182     82.908     82.357    17.7720    34.4515 157.062887  0.000e+00
    193.458  121.80844   25.20182     82.886     82.335    17.7737    34.4507 157.062887  0.000e+00
    193.500  121.80844   25.20182     82.857     82.306    17.7732    34.4502 157.062888  0.000e+00
    193.542  121.80844   25.20182     82.886     82.335    17.7724    34.4503 157.062888  0.000e+00
    193.583  121.80844   25.20182     82.798     82.248    17.7713    34.4504 157.062889  0.000e+00
    193.625  121.80844   25.20182     82.798     82.248    17.7695    34.4515 157.062889  0.000e+00
    193.667  121.80844   25.20182     82.776     82.226    17.7689    34.4524 157.062890  0.000e+00
    193.708  121.80844   25.20182     82.747     82.197    17.7706    34.4526 157.062890  0.000e+00
    193.750  121.80844   25.20182     82.718     82.168    17.7734    34.4535 157.062891  0.000e+00
    193.792  121.80844   25.20182     82.747     82.197    17.7790    34.4566 157.062891  0.000e+00
    193.833  121.80844   25.20182     82.579     82.030    17.7920    34.4560 157.062892  0.000e+00
    193.875  121.80844   25.20182     82.667     82.117    17.8044    34.4554 157.062892  0.000e+00
    193.917  121.80844   25.20182     82.637     82.088    17.8176    34.4535 157.062893  0.000e+00
    193.958  121.80844   25.20182     82.557     82.008    17.8279    34.4501 157.062893  0.000e+00
    194.000  121.80844   25.20182     82.528     81.979    17.8305    34.4480 157.062894  0.000e+00
    194.042  121.80844   25.20182     82.528     81.979    17.8280    34.4469 157.062894  0.000e+00
    194.083  121.80844   25.20182     82.506     81.958    17.8257    34.4471 157.062894  0.000e+00
    194.125  121.80844   25.20182     82.418     81.870    17.8245    34.4480 157.062895  0.000e+00
    194.167  121.80844   25.20182     82.476     81.929    17.8262    34.4484 157.062895  0.000e+00
    194.208  121.80844   25.20182     82.396     81.849    17.8279    34.4489 157.062896  0.000e+00
    194.250  121.80844   25.20182     82.367     81.820    17.8308    34.4485 157.062896  0.000e+00
    194.292  121.80844   25.20182     82.338     81.791    17.8320    34.4483 157.062897  0.000e+00
    194.333  121.80844   25.20182     82.367     81.820    17.8335    34.4476 157.062897  0.000e+00
    194.375  121.80844   25.20182     82.257     81.711    17.8334    34.4479 157.062898  0.000e+00
    194.417  121.80844   25.20182     82.338     81.791    17.8332    34.4481 157.062898  0.000e+00
    194.458  121.80844   25.20182     82.257     81.711    17.8323    34.4503 157.062899  0.000e+00
    194.500  121.80844   25.20182     82.177     81.631    17.8361    34.4516 157.062899  0.000e+00
    194.542  121.80844   25.20182     82.206     81.660    17.8380    34.4490 157.062900  0.000e+00
    194.583  121.80844   25.20182     82.147     81.602    17.8382    34.4485 157.062900  0.000e+00
    194.625  121.80844   25.20182     82.125     81.580    17.8373    34.4483 157.062901  0.000e+00
    194.667  121.80844   25.20182     82.147     81.602    17.8344    34.4506 157.062901  0.000e+00
    194.708  121.80844   25.20182     82.096     81.551    17.8383    34.4523 157.062902  0.000e+00
    194.750  121.80844   25.20182     82.016     81.471    17.8455    34.4517 157.062902  0.000e+00
    194.792  121.80844   25.20182     81.987     81.442    17.8500    34.4498 157.062903  0.000e+00
    194.833  121.80844   25.20182     81.965     81.420    17.8516    34.4477 157.062903  0.000e+00
    194.875  121.80844   25.20182     81.987     81.442    17.8509    34.4468 157.062904  0.000e+00
    194.917  121.80844   25.20182     81.928     81.384    17.8516    34.4471 157.062904  0.000e+00
    194.958  121.80844   25.20182     81.906     81.362    17.8530    34.4460 157.062905  0.000e+00
    195.000  121.80844   25.20182     81.928     81.384    17.8502    34.4446 157.062905  0.000e+00
    195.042  121.80844   25.20182     81.855     81.311    17.8440    34.4449 157.062906  0.000e+00
    195.083  121.80844   25.20182     81.826     81.282    17.8375    34.4450 157.062906  0.000e+00
    195.125  121.80844   25.20182     81.767     81.224    17.8306    34.4457 157.062907  0.000e+00
    195.167  121.80844   25.20182     81.797     81.253    17.8257    34.4487 157.062907  0.000e+00
    195.208  121.80844   25.20182     81.767     81.224    17.8248    34.4496 157.062908  0.000e+00
    195.250  121.80844   25.20182     81.716     81.173    17.8231    34.4523 157.062908  0.000e+00
    195.292  121.80844   25.20182     81.687     81.144    17.8272    34.4527 157.062908  0.000e+00
    195.333  121.80844   25.20182     81.658     81.115    17.8267    34.4514 157.062909  0.000e+00
    195.375  121.80844   25.20182     81.636     81.093    17.8250    34.4509 157.062909  0.000e+00
    195.417  121.80844   25.20182     81.606     81.064    17.8250    34.4522 157.062910  0.000e+00
    195.458  121.80844   25.20182     81.555     81.014    17.8299    34.4554 157.062910  0.000e+00
    195.500  121.80844   25.20182     81.636     81.093    17.8415    34.4552 157.062911  0.000e+00
    195.542  121.80844   25.20182     81.555     81.014    17.8521    34.4528 157.062911  0.000e+00
    195.583  121.80844   25.20182     81.445     80.905    17.8603    34.4506 157.062912  0.000e+00
    195.625  121.80844   25.20182     81.475     80.934    17.8649    34.4488 157.062912  0.000e+00
    195.667  121.80844   25.20182     81.497     80.955    17.8670    34.4489 157.062913  0.000e+00
    195.708  121.80844   25.20182     81.387     80.847    17.8723    34.4494 157.062913  0.000e+00
    195.750  121.80844   25.20182     81.416     80.876    17.8784    34.4506 157.062914  0.000e+00
    195.792  121.80842   25.20184     81.336     80.796    17.8864    34.4521 157.062914  0.000e+00
    195.833  121.80842   25.20184     81.365     80.825    17.8995    34.4503 157.062915  0.000e+00
    195.875  121.80842   25.20184     81.277     80.738    17.9099    34.4483 157.062915  0.000e+00
    195.917  121.80842   25.20184     81.277     80.738    17.9184    34.4470 157.062916  0.000e+00
    195.958  121.80842   25.20184     81.314     80.774    17.9284    34.4505 157.062916  0.000e+00
    196.000  121.80842   25.20184     81.175     80.636    17.9517    34.4521 157.062917  0.000e+00
    196.042  121.80842   25.20184     81.175     80.636    17.9780    34.4531 157.062917  0.000e+00
    196.083  121.80842   25.20184     81.146     80.607    18.0069    34.4480 157.062918  0.000e+00
    196.125  121.80842   25.20184     81.175     80.636    18.0244    34.4432 157.062918  0.000e+00
    196.167  121.80842   25.20184     81.175     80.636    18.0342    34.4430 157.062919  0.000e+00
    196.208  121.80842   25.20184     81.043     80.505    18.0489    34.4414 157.062919  0.000e+00
    196.250  121.80842   25.20184     81.007     80.469    18.0626    34.4402 157.062920  0.000e+00
    196.292  121.80842   25.20184     81.204     80.665    18.0762    34.4380 157.062920  0.000e+00
    196.333  121.80842   25.20184     81.007     80.469    18.0853    34.4359 157.062921  0.000e+00
    196.375  121.80842   25.20184     80.627     80.091    18.0927    34.4353 157.062921  0.000e+00
    196.417  121.80842   25.20184     81.314     80.774    18.0990    34.4340 157.062921  0.000e+00
    196.458  121.80842   25.20184     81.175     80.636    18.1085    34.4370 157.062922  0.000e+00
    196.500  121.80842   25.20184     80.575     80.040    18.1236    34.4390 157.062922  0.000e+00
    196.542  121.80842   25.20184     80.875     80.338    18.1324    34.4378 157.062923  0.000e+00
    196.583  121.80842   25.20184     81.117     80.578    18.1469    34.4353 157.062923  0.000e+00
    196.625  121.80842   25.20184     80.795     80.258    18.1639    34.4357 157.062924  0.000e+00
    196.667  121.80842   25.20184     80.714     80.178    18.1845    34.4291 157.062924  0.000e+00
    196.708  121.80842   25.20184     80.846     80.309    18.1816    34.4276 157.062925  0.000e+00
    196.750  121.80842   25.20184     80.897     80.360    18.1803    34.4262 157.062925  0.000e+00
    196.792  121.80842   25.20184     80.605     80.070    18.1785    34.4259 157.062926  0.000e+00
    196.833  121.80842   25.20184     80.575     80.040    18.1777    34.4243 157.062926  0.000e+00
    196.875  121.80842   25.20184     80.766     80.229    18.1737    34.4252 157.062927  0.000e+00
    196.917  121.80842   25.20184     80.685     80.149    18.1766    34.4267 157.062927  0.000e+00
    196.958  121.80842   25.20184     80.627     80.091    18.1797    34.4256 157.062928  0.000e+00
    197.000  121.80842   25.20184     80.605     80.070    18.1763    34.4253 157.062928  0.000e+00
    197.042  121.80842   25.20184     80.627     80.091    18.1751    34.4265 157.062929  0.000e+00
    197.083  121.80842   25.20184     80.466     79.932    18.1763    34.4301 157.062929  0.000e+00
    197.125  121.80842   25.20184     80.495     79.961    18.1917    34.4403 157.062930  0.000e+00
    197.167  121.80842   25.20184     80.466     79.932    18.2288    34.4392 157.062930  0.000e+00
    197.208  121.80842   25.20184     80.466     79.932    18.2473    34.4268 157.062931  0.000e+00
    197.250  121.80842   25.20184     80.495     79.961    18.2394    34.4261 157.062931  0.000e+00
    197.292  121.80842   25.20184     80.415     79.881    18.2459    34.4261 157.062932  0.000e+00
    197.333  121.80842   25.20184     80.415     79.881    18.2586    34.4288 157.062932  0.000e+00
    197.375  121.80842   25.20184     80.283     79.750    18.2689    34.4225 157.062933  0.000e+00
    197.417  121.80842   25.20184     80.305     79.772    18.2569    34.4196 157.062933  0.000e+00
    197.458  121.80842   25.20184     80.305     79.772    18.2517    34.4257 157.062934  0.000e+00
    197.500  121.80842   25.20184     80.283     79.750    18.2759    34.4281 157.062934  0.000e+00
    197.542  121.80842   25.20184     80.246     79.714    18.2960    34.4245 157.062935  0.000e+00
    197.583  121.80842   25.20184     80.246     79.714    18.2998    34.4205 157.062935  0.000e+00
    197.625  121.80842   25.20184     80.225     79.692    18.3030    34.4247 157.062935  0.000e+00
    197.667  121.80842   25.20184     80.144     79.612    18.3141    34.4242 157.062936  0.000e+00
    197.708  121.80842   25.20184     80.086     79.554    18.3170    34.4258 157.062936  0.000e+00
    197.750  121.80842   25.20184     80.122     79.590    18.3270    34.4247 157.062937  0.000e+00
    197.792  121.80842   25.20184     80.144     79.612    18.3349    34.4230 157.062937  0.000e+00
    197.833  121.80842   25.20186     80.034     79.503    18.3409    34.4226 157.062938  0.000e+00
    197.875  121.80842   25.20186     80.064     79.532    18.3472    34.4219 157.062938  0.000e+00
    197.917  121.80842   25.20186     80.034     79.503    18.3551    34.4211 157.062939  0.000e+00
    197.958  121.80842   25.20186     79.925     79.394    18.3610    34.4210 157.062939  0.000e+00
    198.000  121.80842   25.20186     79.954     79.423    18.3682    34.4215 157.062940  0.000e+00
    198.042  121.80842   25.20186     79.925     79.394    18.3766    34.4195 157.062940  0.000e+00
    198.083  121.80842   25.20186     79.925     79.394    18.3801    34.4181 157.062941  0.000e+00
    198.125  121.80842   25.20186     79.903     79.372    18.3820    34.4182 157.062941  0.000e+00
    198.167  121.80842   25.20186     79.874     79.343    18.3867    34.4197 157.062942  0.000e+00
    198.208  121.80842   25.20186     79.764     79.234    18.3947    34.4199 157.062942  0.000e+00
    198.250  121.80842   25.20186     79.793     79.264    18.4035    34.4174 157.062943  0.000e+00
    198.292  121.80842   25.20186     79.815     79.285    18.4073    34.4148 157.062943  0.000e+00
    198.333  121.80842   25.20186     79.764     79.234    18.4056    34.4143 157.062944  0.000e+00
    198.375  121.80842   25.20186     79.683     79.155    18.4037    34.4150 157.062944  0.000e+00
    198.417  121.80842   25.20186     79.705     79.176    18.4029    34.4157 157.062945  0.000e+00
    198.458  121.80842   25.20186     79.654     79.126    18.4025    34.4161 157.062945  0.000e+00
    198.500  121.80842   25.20186     79.632     79.104    18.4015    34.4162 157.062946  0.000e+00
    198.542  121.80842   25.20186     79.596     79.067    18.4013    34.4171 157.062946  0.000e+00
    198.583  121.80842   25.20186     79.596     79.067    18.4030    34.4182 157.062947  0.000e+00
    198.625  121.80842   25.20186     79.632     79.104    18.4072    34.4184 157.062947  0.000e+00
    198.667  121.80842   25.20186     79.435     78.908    18.4114    34.4171 157.062948  0.000e+00
    198.708  121.80842   25.20186     79.545     79.017    18.4131    34.4185 157.062948  0.000e+00
    198.750  121.80842   25.20186     79.471     78.944    18.4221    34.4238 157.062948  0.000e+00
    198.792  121.80842   25.20186     79.435     78.908    18.4406    34.4220 157.062949  0.000e+00
    198.833  121.80842   25.20186     79.493     78.966    18.4478    34.4158 157.062949  0.000e+00
    198.875  121.80842   25.20186     79.413     78.886    18.4412    34.4112 157.062950  0.000e+00
    198.917  121.80842   25.20186     79.325     78.799    18.4323    34.4109 157.062950  0.000e+00
    198.958  121.80842   25.20186     79.384     78.857    18.4250    34.4131 157.062951  0.000e+00
    199.000  121.80842   25.20186     79.303     78.777    18.4204    34.4143 157.062951  0.000e+00
    199.042  121.80842   25.20186     79.325     78.799    18.4155    34.4150 157.062952  0.000e+00
    199.083  121.80842   25.20186     79.274     78.748    18.4111    34.4156 157.062952  0.000e+00
    199.125  121.80842   25.20186     79.252     78.726    18.4080    34.4160 157.062953  0.000e+00
    199.167  121.80842   25.20186     79.274     78.748    18.4062    34.4170 157.062953  0.000e+00
    199.208  121.80842   25.20186     79.164     78.639    18.4054    34.4180 157.062954  0.000e+00
    199.250  121.80842   25.20186     79.142     78.617    18.4059    34.4184 157.062954  0.000e+00
    199.292  121.80842   25.20186     79.164     78.639    18.4072    34.4181 157.062955  0.000e+00
    199.333  121.80842   25.20186     79.055     78.530    18.4075    34.4183 157.062955  0.000e+00
    199.375  121.80842   25.20186     79.201     78.675    18.4065    34.4180 157.062956  0.000e+00
    199.417  121.80842   25.20186     79.055     78.530    18.4061    34.4186 157.062956  0.000e+00
    199.458  121.80842   25.20186     79.004     78.479    18.4049    34.4181 157.062957  0.000e+00
    199.500  121.80842   25.20186     79.055     78.530    18.4021    34.4185 157.062957  0.000e+00
    199.542  121.80842   25.20186     78.923     78.399    18.4009    34.4190 157.062958  0.000e+00
    199.583  121.80842   25.20186     78.945     78.421    18.4013    34.4191 157.062958  0.000e+00
    199.625  121.80842   25.20186     79.004     78.479    18.4021    34.4208 157.062959  0.000e+00
    199.667  121.80842   25.20186     78.923     78.399    18.4114    34.4212 157.062959  0.000e+00
    199.708  121.80842   25.20186     78.894     78.370    18.4212    34.4231 157.062960  0.000e+00
    199.750  121.80842   25.20186     78.843     78.320    18.4342    34.4216 157.062960  0.000e+00
    199.792  121.80842   25.20186     78.923     78.399    18.4387    34.4169 157.062961  0.000e+00
    199.833  121.80842   25.20186     78.784     78.261    18.4376    34.4156 157.062961  0.000e+00
    199.875  121.80842   25.20186     78.784     78.261    18.4378    34.4170 157.062962  0.000e+00
    199.917  121.80842   25.20186     78.711     78.189    18.4409    34.4178 157.062962  0.000e+00
    199.958  121.80842   25.20186     78.733     78.211    18.4459    34.4187 157.062962  0.000e+00
