coding/cr2370/ctd/cr2370/c4-1.txt
* Sea-Bird SBE 9 Data File:
* FileName = D:\ctddata\cr2370\C4-1.hex
* Software Version Seasave V 7.20g
* Temperature SN = 6284
* Conductivity SN = 4751
* Number of Bytes Per Scan = 34
* Number of Voltage Words = 5
* Number of Scans Averaged by the Deck Unit = 1
* NMEA Latitude = 25 12.05 N
* NMEA Longitude = 121 48.52 E
* NMEA UTC (Time) = Jun 06 2019  01:27:20
** Ship: OR2
** Station: C4-1
** Operator: CR2370
** 117
** 110
# nquan = 9
# nvalues = 7687                                  
# units = specified
# name 0 = timeS: Time, Elapsed [seconds]
# name 1 = longitude: Longitude [deg]
# name 2 = latitude: Latitude [deg]
# name 3 = prDM: Pressure, Digiquartz [db]
# name 4 = depSM: Depth [salt water, m]
# name 5 = t090C: Temperature [ITS-90, deg C]
# name 6 = sal00: Salinity, Practical [PSU]
# name 7 = timeJ: Julian Days
# name 8 = flag:  0.000e+00
# span 0 =      0.000,    320.250                 
# span 1 =  121.80802,  121.80874                 
# span 2 =   25.20094,   25.20236                 
# span 3 =      1.695,    110.633                 
# span 4 =      1.684,    109.891                 
# span 5 =    16.6582,    26.4674                 
# span 6 =    34.0284,    34.5287                 
# span 7 = 157.060648, 157.064355                 
# span 8 = 0.0000e+00, 0.0000e+00                 
# interval = seconds: 0.0416667
# start_time = Jun 06 2019 01:27:20 [NMEA time, header]
# bad_flag = -9.990e-29
*END*
[from data line 5921]
    246.708  121.80826   25.20212     49.850     49.523    24.7493    34.0927 157.063504  0.000e+00
    246.750  121.80826   25.20212     49.850     49.523    24.7505    34.0924 157.063504  0.000e+00
    246.792  121.80826   25.20212     49.850     49.523    24.7508    34.0924 157.063505  0.000e+00
    246.833  121.80826   25.20212     49.850     49.523    24.7514    34.0924 157.063505  0.000e+00
    246.875  121.80826   25.20212     49.741     49.414    24.7523    34.0923 157.063505  0.000e+00
    246.917  121.80826   25.20212     49.792     49.465    24.7524    34.0929 157.063506  0.000e+00
    246.958  121.80826   25.20212     49.741     49.414    24.7527    34.0927 157.063506  0.000e+00
    247.000  121.80826   25.20212     49.741     49.414    24.7524    34.0928 157.063507  0.000e+00
    247.042  121.80826   25.20212     49.690     49.363    24.7525    34.0925 157.063507  0.000e+00
    247.083  121.80826   25.20212     49.631     49.305    24.7525    34.0924 157.063508  0.000e+00
    247.125  121.80826   25.20212     49.682     49.356    24.7529    34.0924 157.063508  0.000e+00
    247.167  121.80826   25.20212     49.631     49.305    24.7532    34.0925 157.063509  0.000e+00
    247.208  121.80826   25.20212     49.580     49.255    24.7534    34.0927 157.063509  0.000e+00
    247.250  121.80826   25.20212     49.580     49.255    24.7536    34.0920 157.063510  0.000e+00
    247.292  121.80826   25.20212     49.580     49.255    24.7539    34.0920 157.063510  0.000e+00
    247.333  121.80826   25.20212     49.470     49.146    24.7539    34.0925 157.063511  0.000e+00
    247.375  121.80826   25.20212     49.470     49.146    24.7540    34.0924 157.063511  0.000e+00
    247.417  121.80826   25.20212     49.470     49.146    24.7537    34.0922 157.063512  0.000e+00
    247.458  121.80826   25.20212     49.470     49.146    24.7537    34.0925 157.063512  0.000e+00
    247.500  121.80826   25.20212     49.412     49.088    24.7540    34.0928 157.063513  0.000e+00
    247.542  121.80826   25.20212     49.412     49.088    24.7542    34.0928 157.063513  0.000e+00
    247.583  121.80826   25.20212     49.361     49.037    24.7543    34.0929 157.063514  0.000e+00
    247.625  121.80826   25.20212     49.310     48.986    24.7546    34.0928 157.063514  0.000e+00
    247.667  121.80826   25.20212     49.302     48.979    24.7550    34.0928 157.063515  0.000e+00
    247.708  121.80826   25.20212     49.302     48.979    24.7554    34.0930 157.063515  0.000e+00
    247.750  121.80826   25.20212     49.251     48.928    24.7551    34.0929 157.063516  0.000e+00
    247.792  121.80826   25.20212     49.251     48.928    24.7550    34.0931 157.063516  0.000e+00
    247.833  121.80826   25.20212     49.200     48.877    24.7547    34.0929 157.063517  0.000e+00
    247.875  121.80826   25.20212     49.200     48.877    24.7542    34.0927 157.063517  0.000e+00
    247.917  121.80826   25.20212     49.142     48.819    24.7544    34.0926 157.063518  0.000e+00
    247.958  121.80826   25.20212     49.142     48.819    24.7543    34.0930 157.063518  0.000e+00
    248.000  121.80826   25.20212     49.090     48.768    24.7542    34.0934 157.063519  0.000e+00
    248.042  121.80826   25.20212     49.032     48.710    24.7546    34.0935 157.063519  0.000e+00
    248.083  121.80826   25.20212     49.032     48.710    24.7549    34.0931 157.063519  0.000e+00
    248.125  121.80826   25.20212     49.090     48.768    24.7550    34.0927 157.063520  0.000e+00
    248.167  121.80826   25.20212     48.981     48.659    24.7547    34.0929 157.063520  0.000e+00
    248.208  121.80826   25.20212     48.981     48.659    24.7546    34.0934 157.063521  0.000e+00
    248.250  121.80826   25.20212     48.871     48.550    24.7555    34.0931 157.063521  0.000e+00
    248.292  121.80826   25.20212     48.930     48.608    24.7553    34.0932 157.063522  0.000e+00
    248.333  121.80826   25.20212     48.871     48.550    24.7553    34.0930 157.063522  0.000e+00
    248.375  121.80826   25.20212     48.871     48.550    24.7551    34.0930 157.063523  0.000e+00
    248.417  121.80826   25.20212     48.820     48.500    24.7554    34.0931 157.063523  0.000e+00
    248.458  121.80826   25.20212     48.762     48.441    24.7567    34.0945 157.063524  0.000e+00
    248.500  121.80826   25.20212     48.820     48.500    24.7617    34.0952 157.063524  0.000e+00
    248.542  121.80826   25.20212     48.710     48.391    24.7653    34.0951 157.063525  0.000e+00
    248.583  121.80826   25.20212     48.710     48.391    24.7671    34.0940 157.063525  0.000e+00
    248.625  121.80826   25.20212     48.710     48.391    24.7682    34.0940 157.063526  0.000e+00
    248.667  121.80826   25.20212     48.659     48.340    24.7699    34.0941 157.063526  0.000e+00
    248.708  121.80826   25.20212     48.601     48.282    24.7717    34.0944 157.063527  0.000e+00
    248.750  121.80826   25.20212     48.601     48.282    24.7733    34.0940 157.063527  0.000e+00
    248.792  121.80826   25.20212     48.550     48.231    24.7740    34.0937 157.063528  0.000e+00
    248.833  121.80826   25.20212     48.491     48.173    24.7748    34.0921 157.063528  0.000e+00
    248.875  121.80826   25.20212     48.491     48.173    24.7719    34.0911 157.063529  0.000e+00
    248.917  121.80826   25.20212     48.491     48.173    24.7706    34.0910 157.063529  0.000e+00
    248.958  121.80826   25.20212     48.491     48.173    24.7724    34.0921 157.063530  0.000e+00
    249.000  121.80826   25.20212     48.389     48.071    24.7751    34.0929 157.063530  0.000e+00
    249.042  121.80826   25.20212     48.330     48.013    24.7762    34.0930 157.063531  0.000e+00
    249.083  121.80826   25.20212     48.389     48.071    24.7769    34.0925 157.063531  0.000e+00
    249.125  121.80826   25.20212     48.279     47.962    24.7778    34.0923 157.063532  0.000e+00
    249.167  121.80826   25.20212     48.389     48.071    24.7783    34.0919 157.063532  0.000e+00
    249.208  121.80826   25.20212     48.221     47.904    24.7778    34.0922 157.063533  0.000e+00
    249.250  121.80826   25.20212     48.221     47.904    24.7769    34.0920 157.063533  0.000e+00
    249.292  121.80826   25.20212     48.221     47.904    24.7769    34.0920 157.063533  0.000e+00
    249.333  121.80826   25.20212     48.170     47.854    24.7770    34.0923 157.063534  0.000e+00
    249.375  121.80826   25.20212     48.170     47.854    24.7778    34.0922 157.063534  0.000e+00
    249.417  121.80826   25.20212     48.170     47.854    24.7783    34.0927 157.063535  0.000e+00
    249.458  121.80826   25.20212     48.060     47.745    24.7789    34.0930 157.063535  0.000e+00
    249.500  121.80826   25.20212     48.060     47.745    24.7799    34.0925 157.063536  0.000e+00
    249.542  121.80826   25.20212     48.060     47.745    24.7806    34.0923 157.063536  0.000e+00
    249.583  121.80826   25.20212     48.009     47.694    24.7808    34.0924 157.063537  0.000e+00
    249.625  121.80826   25.20212     47.950     47.636    24.7810    34.0926 157.063537  0.000e+00
    249.667  121.80826   25.20212     47.950     47.636    24.7810    34.0925 157.063538  0.000e+00
    249.708  121.80826   25.20212     47.899     47.585    24.7812    34.0930 157.063538  0.000e+00
    249.750  121.80826   25.20212     47.950     47.636    24.7822    34.0930 157.063539  0.000e+00
    249.792  121.80826   25.20212     47.841     47.527    24.7832    34.0926 157.063539  0.000e+00
    249.833  121.80826   25.20212     47.899     47.585    24.7840    34.0926 157.063540  0.000e+00
    249.875  121.80826   25.20212     47.790     47.476    24.7835    34.0929 157.063540  0.000e+00
    249.917  121.80824   25.20214     47.738     47.425    24.7831    34.0924 157.063541  0.000e+00
    249.958  121.80824   25.20214     47.790     47.476    24.7834    34.0922 157.063541  0.000e+00
    250.000  121.80824   25.20214     47.738     47.425    24.7835    34.0925 157.063542  0.000e+00
    250.042  121.80824   25.20214     47.738     47.425    24.7840    34.0925 157.063542  0.000e+00
    250.083  121.80824   25.20214     47.680     47.367    24.7836    34.0923 157.063543  0.000e+00
    250.125  121.80824   25.20214     47.629     47.316    24.7831    34.0921 157.063543  0.000e+00
    250.167  121.80824   25.20214     47.680     47.367    24.7821    34.0926 157.063544  0.000e+00
    250.208  121.80824   25.20214     47.629     47.316    24.7819    34.0931 157.063544  0.000e+00
    250.250  121.80824   25.20214     47.570     47.258    24.7824    34.0930 157.063545  0.000e+00
    250.292  121.80824   25.20214     47.570     47.258    24.7826    34.0927 157.063545  0.000e+00
    250.333  121.80824   25.20214     47.519     47.207    24.7827    34.0928 157.063546  0.000e+00
    250.375  121.80824   25.20214     47.519     47.207    24.7831    34.0927 157.063546  0.000e+00
    250.417  121.80824   25.20214     47.519     47.207    24.7831    34.0929 157.063546  0.000e+00
    250.458  121.80824   25.20214     47.519     47.207    24.7831    34.0926 157.063547  0.000e+00
    250.500  121.80824   25.20214     47.410     47.099    24.7828    34.0929 157.063547  0.000e+00
    250.542  121.80824   25.20214     47.410     47.099    24.7827    34.0928 157.063548  0.000e+00
    250.583  121.80824   25.20214     47.410     47.099    24.7833    34.0927 157.063548  0.000e+00
    250.625  121.80824   25.20214     47.358     47.048    24.7835    34.0928 157.063549  0.000e+00
    250.667  121.80824   25.20214     47.410     47.099    24.7835    34.0927 157.063549  0.000e+00
    250.708  121.80824   25.20214     47.358     47.048    24.7835    34.0933 157.063550  0.000e+00
    250.750  121.80824   25.20214     47.300     46.990    24.7840    34.0932 157.063550  0.000e+00
    250.792  121.80824   25.20214     47.190     46.881    24.7838    34.0936 157.063551  0.000e+00
    250.833  121.80824   25.20214     47.358     47.048    24.7845    34.0930 157.063551  0.000e+00
    250.875  121.80824   25.20214     47.249     46.939    24.7848    34.0930 157.063552  0.000e+00
    250.917  121.80824   25.20214     47.198     46.888    24.7845    34.0929 157.063552  0.000e+00
    250.958  121.80824   25.20214     47.249     46.939    24.7845    34.0929 157.063553  0.000e+00
    251.000  121.80824   25.20214     47.190     46.881    24.7840    34.0927 157.063553  0.000e+00
    251.042  121.80824   25.20214     47.088     46.779    24.7841    34.0925 157.063554  0.000e+00
    251.083  121.80824   25.20214     47.190     46.881    24.7843    34.0933 157.063554  0.000e+00
    251.125  121.80824   25.20214     47.088     46.779    24.7863    34.0929 157.063555  0.000e+00
    251.167  121.80824   25.20214     47.139     46.830    24.7869    34.0925 157.063555  0.000e+00
    251.208  121.80824   25.20214     47.088     46.779    24.7853    34.0916 157.063556  0.000e+00
    251.250  121.80824   25.20214     47.030     46.721    24.7812    34.0911 157.063556  0.000e+00
    251.292  121.80824   25.20214     47.030     46.721    24.7785    34.0923 157.063557  0.000e+00
    251.333  121.80824   25.20214     47.030     46.721    24.7785    34.0917 157.063557  0.000e+00
    251.375  121.80824   25.20214     47.030     46.721    24.7760    34.0920 157.063558  0.000e+00
    251.417  121.80824   25.20214     46.920     46.612    24.7728    34.0929 157.063558  0.000e+00
    251.458  121.80824   25.20214     46.978     46.670    24.7683    34.0921 157.063559  0.000e+00
    251.500  121.80824   25.20214     46.869     46.561    24.7637    34.0931 157.063559  0.000e+00
    251.542  121.80824   25.20214     46.978     46.670    24.7631    34.0937 157.063560  0.000e+00
    251.583  121.80824   25.20214     46.869     46.561    24.7626    34.0937 157.063560  0.000e+00
    251.625  121.80824   25.20214     46.869     46.561    24.7626    34.0943 157.063560  0.000e+00
    251.667  121.80824   25.20214     46.869     46.561    24.7631    34.0944 157.063561  0.000e+00
    251.708  121.80824   25.20214     46.869     46.561    24.7628    34.0947 157.063561  0.000e+00
    251.750  121.80824   25.20214     46.708     46.402    24.7639    34.0954 157.063562  0.000e+00
    251.792  121.80824   25.20214     46.818     46.511    24.7701    34.0979 157.063562  0.000e+00
    251.833  121.80824   25.20214     46.759     46.452    24.7797    34.0971 157.063563  0.000e+00
    251.875  121.80824   25.20214     46.759     46.452    24.7831    34.0953 157.063563  0.000e+00
    251.917  121.80824   25.20214     46.708     46.402    24.7836    34.0943 157.063564  0.000e+00
    251.958  121.80824   25.20214     46.650     46.344    24.7808    34.0940 157.063564  0.000e+00
    252.000  121.80824   25.20214     46.708     46.402    24.7783    34.0930 157.063565  0.000e+00
    252.042  121.80824   25.20214     46.650     46.344    24.7748    34.0943 157.063565  0.000e+00
    252.083  121.80824   25.20214     46.598     46.293    24.7756    34.0968 157.063566  0.000e+00
    252.125  121.80824   25.20214     46.650     46.344    24.7783    34.0953 157.063566  0.000e+00
    252.167  121.80824   25.20214     46.547     46.242    24.7751    34.0960 157.063567  0.000e+00
    252.208  121.80824   25.20214     46.547     46.242    24.7806    34.0989 157.063567  0.000e+00
    252.250  121.80824   25.20214     46.540     46.235    24.7902    34.0959 157.063568  0.000e+00
    252.292  121.80824   25.20214     46.547     46.242    24.7891    34.0953 157.063568  0.000e+00
    252.333  121.80824   25.20214     46.489     46.184    24.7888    34.0972 157.063569  0.000e+00
    252.375  121.80824   25.20214     46.438     46.133    24.7952    34.1003 157.063569  0.000e+00
    252.417  121.80824   25.20214     46.328     46.024    24.8035    34.0996 157.063570  0.000e+00
    252.458  121.80824   25.20214     46.489     46.184    24.8072    34.0983 157.063570  0.000e+00
    252.500  121.80824   25.20214     46.379     46.075    24.8116    34.0977 157.063571  0.000e+00
    252.542  121.80824   25.20214     46.379     46.075    24.8151    34.0967 157.063571  0.000e+00
    252.583  121.80824   25.20214     46.328     46.024    24.8158    34.0960 157.063572  0.000e+00
    252.625  121.80824   25.20214     46.277     45.973    24.8156    34.0958 157.063572  0.000e+00
    252.667  121.80824   25.20214     46.270     45.966    24.8158    34.0956 157.063573  0.000e+00
    252.708  121.80824   25.20214     46.277     45.973    24.8158    34.0955 157.063573  0.000e+00
    252.750  121.80824   25.20214     46.218     45.915    24.8154    34.0956 157.063573  0.000e+00
    252.792  121.80824   25.20214     46.167     45.865    24.8139    34.0945 157.063574  0.000e+00
    252.833  121.80824   25.20214     46.167     45.865    24.8084    34.0950 157.063574  0.000e+00
    252.875  121.80824   25.20214     46.167     45.865    24.8059    34.0941 157.063575  0.000e+00
    252.917  121.80824   25.20214     46.109     45.806    24.8009    34.0930 157.063575  0.000e+00
    252.958  121.80824   25.20214     46.109     45.806    24.7963    34.0933 157.063576  0.000e+00
    253.000  121.80824   25.20214     46.058     45.756    24.7924    34.0941 157.063576  0.000e+00
    253.042  121.80824   25.20214     46.058     45.756    24.7919    34.0960 157.063577  0.000e+00
    253.083  121.80824   25.20214     45.948     45.647    24.7949    34.0964 157.063577  0.000e+00
    253.125  121.80824   25.20214     45.999     45.698    24.7909    34.0955 157.063578  0.000e+00
    253.167  121.80824   25.20214     45.948     45.647    24.7836    34.0940 157.063578  0.000e+00
    253.208  121.80824   25.20214     45.897     45.596    24.7801    34.0961 157.063579  0.000e+00
    253.250  121.80824   25.20214     45.890     45.589    24.7849    34.0980 157.063579  0.000e+00
    253.292  121.80824   25.20214     45.897     45.596    24.7900    34.0991 157.063580  0.000e+00
