coding/cr2370/ctd/cr2370/c4-1.txt
* Sea-Bird SBE 9 Data File:
* FileName = D:\ctddata\cr2370\C4-1.hex
* Software Version Seasave V 7.20g
* Temperature SN = 6284
* Conductivity SN = 4751
* Number of Bytes Per Scan = 34
* Number of Voltage Words = 5
* Number of Scans Averaged by the Deck Unit = 1
* NMEA Latitude = 25 12.05 N
* NMEA Longitude = 121 48.52 E
* NMEA UTC (Time) = Jun 06 2019  01:27:20
** Ship: OR2
** Station: C4-1
** Operator: CR2370
** 117
** 110
# nquan = 9
# nvalues = 7687                                  
# units = specified
# name 0 = timeS: Time, Elapsed [seconds]
# name 1 = longitude: Longitude [deg]
# name 2 = latitude: Latitude [deg]
# name 3 = prDM: Pressure, Digiquartz [db]
# name 4 = depSM: Depth [salt water, m]
# name 5 = t090C: Temperature [ITS-90, deg C]
# name 6 = sal00: Salinity, Practical [PSU]
# name 7 = timeJ: Julian Days
# name 8 = flag:  0.000e+00
# span 0 =      0.000,    320.250                 
# span 1 =  121.80802,  121.80874                 
# span 2 =   25.20094,   25.20236                 
# span 3 =      1.695,    110.633                 
# span 4 =      1.684,    109.891                 
# span 5 =    16.6582,    26.4674                 
# span 6 =    34.0284,    34.5287                 
# span 7 = 157.060648, 157.064355                 
# span 8 = 0.0000e+00, 0.0000e+00                 
# interval = seconds: 0.0416667
# start_time = Jun 06 2019 01:27:20 [NMEA time, header]
# bad_flag = -9.990e-29
*END*
[from data line 3201]
    133.375  121.80856   25.20148    101.085    100.409    16.6774    34.5161 157.062192  0.000e+00
    133.417  121.80856   25.20148    101.136    100.460    16.6774    34.5161 157.062192  0.000e+00
    133.458  121.80856   25.20148    101.136    100.460    16.6773    34.5158 157.062193  0.000e+00
    133.500  121.80856   25.20148    101.231    100.554    16.6766    34.5154 157.062193  0.000e+00
    133.542  121.80856   25.20148    101.246    100.569    16.6762    34.5155 157.062194  0.000e+00
    133.583  121.80856   25.20148    101.246    100.569    16.6757    34.5161 157.062194  0.000e+00
    133.625  121.80856   25.20148    101.297    100.619    16.6754    34.5159 157.062195  0.000e+00
    133.667  121.80856   25.20148    101.356    100.678    16.6751    34.5161 157.062195  0.000e+00
    133.708  121.80856   25.20148    101.392    100.714    16.6751    34.5160 157.062196  0.000e+00
    133.750  121.80856   25.20148    101.407    100.728    16.6751    34.5156 157.062196  0.000e+00
    133.792  121.80856   25.20148    101.465    100.787    16.6749    34.5162 157.062197  0.000e+00
    133.833  121.80856   25.20150    101.465    100.787    16.6754    34.5162 157.062197  0.000e+00
    133.875  121.80856   25.20150    101.517    100.837    16.6757    34.5160 157.062198  0.000e+00
    133.917  121.80856   25.20150    101.575    100.896    16.6757    34.5161 157.062198  0.000e+00
    133.958  121.80856   25.20150    101.612    100.932    16.6761    34.5160 157.062199  0.000e+00
    134.000  121.80856   25.20150    101.575    100.896    16.6766    34.5159 157.062199  0.000e+00
    134.042  121.80856   25.20150    101.677    100.997    16.6769    34.5159 157.062200  0.000e+00
    134.083  121.80856   25.20150    101.677    100.997    16.6769    34.5158 157.062200  0.000e+00
    134.125  121.80856   25.20150    101.736    101.055    16.6769    34.5159 157.062201  0.000e+00
    134.167  121.80856   25.20150    101.773    101.092    16.6771    34.5156 157.062201  0.000e+00
    134.208  121.80856   25.20150    101.787    101.106    16.6771    34.5154 157.062201  0.000e+00
    134.250  121.80856   25.20150    101.846    101.164    16.6769    34.5157 157.062202  0.000e+00
    134.292  121.80856   25.20150    101.846    101.164    16.6764    34.5155 157.062202  0.000e+00
    134.333  121.80856   25.20150    101.897    101.215    16.6752    34.5157 157.062203  0.000e+00
    134.375  121.80856   25.20150    101.948    101.266    16.6744    34.5156 157.062203  0.000e+00
    134.417  121.80856   25.20150    101.992    101.310    16.6733    34.5156 157.062204  0.000e+00
    134.458  121.80856   25.20150    101.948    101.266    16.6725    34.5160 157.062204  0.000e+00
    134.500  121.80856   25.20150    102.058    101.375    16.6723    34.5155 157.062205  0.000e+00
    134.542  121.80856   25.20150    102.058    101.375    16.6720    34.5160 157.062205  0.000e+00
    134.583  121.80856   25.20150    102.058    101.375    16.6720    34.5161 157.062206  0.000e+00
    134.625  121.80856   25.20150    102.116    101.433    16.6729    34.5154 157.062206  0.000e+00
    134.667  121.80856   25.20150    102.153    101.469    16.6730    34.5157 157.062207  0.000e+00
    134.708  121.80856   25.20150    102.226    101.542    16.6733    34.5159 157.062207  0.000e+00
    134.750  121.80856   25.20150    102.168    101.484    16.6742    34.5159 157.062208  0.000e+00
    134.792  121.80856   25.20150    102.329    101.644    16.6751    34.5154 157.062208  0.000e+00
    134.833  121.80856   25.20150    102.277    101.593    16.6755    34.5157 157.062209  0.000e+00
    134.875  121.80856   25.20150    102.277    101.593    16.6762    34.5154 157.062209  0.000e+00
    134.917  121.80856   25.20150    102.372    101.687    16.6762    34.5153 157.062210  0.000e+00
    134.958  121.80856   25.20150    102.387    101.702    16.6764    34.5152 157.062210  0.000e+00
    135.000  121.80856   25.20150    102.387    101.702    16.6757    34.5155 157.062211  0.000e+00
    135.042  121.80856   25.20150    102.497    101.811    16.6754    34.5153 157.062211  0.000e+00
    135.083  121.80856   25.20150    102.387    101.702    16.6754    34.5153 157.062212  0.000e+00
    135.125  121.80856   25.20150    102.497    101.811    16.6752    34.5155 157.062212  0.000e+00
    135.167  121.80856   25.20150    102.533    101.847    16.6755    34.5150 157.062213  0.000e+00
    135.208  121.80856   25.20150    102.548    101.862    16.6749    34.5152 157.062213  0.000e+00
    135.250  121.80856   25.20150    102.599    101.913    16.6745    34.5154 157.062214  0.000e+00
    135.292  121.80856   25.20150    102.658    101.971    16.6744    34.5151 157.062214  0.000e+00
    135.333  121.80856   25.20150    102.599    101.913    16.6742    34.5150 157.062215  0.000e+00
    135.375  121.80856   25.20150    102.658    101.971    16.6740    34.5152 157.062215  0.000e+00
    135.417  121.80856   25.20150    102.753    102.065    16.6737    34.5149 157.062215  0.000e+00
    135.458  121.80856   25.20150    102.709    102.022    16.6729    34.5148 157.062216  0.000e+00
    135.500  121.80856   25.20150    102.768    102.080    16.6720    34.5152 157.062216  0.000e+00
    135.542  121.80856   25.20150    102.819    102.131    16.6713    34.5153 157.062217  0.000e+00
    135.583  121.80856   25.20150    102.819    102.131    16.6706    34.5155 157.062217  0.000e+00
    135.625  121.80856   25.20150    102.819    102.131    16.6701    34.5151 157.062218  0.000e+00
    135.667  121.80856   25.20150    102.914    102.225    16.6692    34.5153 157.062218  0.000e+00
    135.708  121.80856   25.20150    102.929    102.240    16.6681    34.5153 157.062219  0.000e+00
    135.750  121.80856   25.20150    102.929    102.240    16.6674    34.5152 157.062219  0.000e+00
    135.792  121.80856   25.20150    102.929    102.240    16.6672    34.5156 157.062220  0.000e+00
    135.833  121.80856   25.20150    103.038    102.349    16.6669    34.5158 157.062220  0.000e+00
    135.875  121.80856   25.20150    103.038    102.349    16.6670    34.5155 157.062221  0.000e+00
    135.917  121.80856   25.20150    103.089    102.399    16.6672    34.5157 157.062221  0.000e+00
    135.958  121.80856   25.20150    103.133    102.443    16.6672    34.5159 157.062222  0.000e+00
    136.000  121.80856   25.20150    103.089    102.399    16.6672    34.5158 157.062222  0.000e+00
    136.042  121.80856   25.20150    103.148    102.458    16.6679    34.5157 157.062223  0.000e+00
    136.083  121.80856   25.20150    103.199    102.508    16.6684    34.5155 157.062223  0.000e+00
    136.125  121.80856   25.20150    103.250    102.559    16.6686    34.5158 157.062224  0.000e+00
    136.167  121.80856   25.20150    103.250    102.559    16.6692    34.5157 157.062224  0.000e+00
    136.208  121.80856   25.20150    103.309    102.617    16.6703    34.5158 157.062225  0.000e+00
    136.250  121.80856   25.20150    103.294    102.603    16.6710    34.5156 157.062225  0.000e+00
    136.292  121.80856   25.20150    103.360    102.668    16.6717    34.5157 157.062226  0.000e+00
    136.333  121.80856   25.20150    103.419    102.726    16.6718    34.5156 157.062226  0.000e+00
    136.375  121.80856   25.20150    103.360    102.668    16.6717    34.5150 157.062227  0.000e+00
    136.417  121.80856   25.20150    103.528    102.835    16.6715    34.5151 157.062227  0.000e+00
    136.458  121.80856   25.20150    103.470    102.777    16.6713    34.5150 157.062228  0.000e+00
    136.500  121.80856   25.20150    103.528    102.835    16.6715    34.5152 157.062228  0.000e+00
    136.542  121.80856   25.20150    103.514    102.821    16.6720    34.5154 157.062228  0.000e+00
    136.583  121.80856   25.20150    103.580    102.886    16.6720    34.5149 157.062229  0.000e+00
    136.625  121.80856   25.20150    103.689    102.995    16.6703    34.5145 157.062229  0.000e+00
    136.667  121.80856   25.20150    103.631    102.937    16.6682    34.5149 157.062230  0.000e+00
    136.708  121.80856   25.20150    103.689    102.995    16.6672    34.5148 157.062230  0.000e+00
    136.750  121.80856   25.20150    103.741    103.046    16.6674    34.5150 157.062231  0.000e+00
    136.792  121.80856   25.20150    103.741    103.046    16.6674    34.5156 157.062231  0.000e+00
    136.833  121.80856   25.20150    103.836    103.140    16.6670    34.5151 157.062232  0.000e+00
    136.875  121.80856   25.20150    103.799    103.104    16.6664    34.5151 157.062232  0.000e+00
    136.917  121.80856   25.20150    103.902    103.206    16.6657    34.5156 157.062233  0.000e+00
    136.958  121.80856   25.20150    103.902    103.206    16.6657    34.5155 157.062233  0.000e+00
    137.000  121.80856   25.20150    103.960    103.264    16.6655    34.5155 157.062234  0.000e+00
    137.042  121.80856   25.20150    104.011    103.315    16.6655    34.5156 157.062234  0.000e+00
    137.083  121.80856   25.20150    103.960    103.264    16.6655    34.5152 157.062235  0.000e+00
    137.125  121.80856   25.20150    104.121    103.424    16.6649    34.5155 157.062235  0.000e+00
    137.167  121.80856   25.20150    104.055    103.358    16.6650    34.5155 157.062236  0.000e+00
    137.208  121.80856   25.20150    104.121    103.424    16.6647    34.5157 157.062236  0.000e+00
    137.250  121.80856   25.20150    104.121    103.424    16.6648    34.5151 157.062237  0.000e+00
    137.292  121.80856   25.20150    104.231    103.533    16.6647    34.5155 157.062237  0.000e+00
    137.333  121.80856   25.20150    104.180    103.482    16.6644    34.5155 157.062238  0.000e+00
    137.375  121.80856   25.20150    104.282    103.584    16.6647    34.5150 157.062238  0.000e+00
    137.417  121.80856   25.20150    104.282    103.584    16.6645    34.5150 157.062239  0.000e+00
    137.458  121.80856   25.20150    104.341    103.642    16.6640    34.5155 157.062239  0.000e+00
    137.500  121.80856   25.20150    104.377    103.678    16.6638    34.5152 157.062240  0.000e+00
    137.542  121.80856   25.20150    104.392    103.693    16.6637    34.5151 157.062240  0.000e+00
    137.583  121.80856   25.20150    104.450    103.751    16.6637    34.5152 157.062241  0.000e+00
    137.625  121.80856   25.20150    104.501    103.802    16.6637    34.5151 157.062241  0.000e+00
    137.667  121.80856   25.20150    104.501    103.802    16.6635    34.5151 157.062242  0.000e+00
    137.708  121.80856   25.20150    104.501    103.802    16.6632    34.5157 157.062242  0.000e+00
    137.750  121.80856   25.20152    104.611    103.911    16.6635    34.5154 157.062242  0.000e+00
    137.792  121.80856   25.20152    104.553    103.853    16.6633    34.5157 157.062243  0.000e+00
    137.833  121.80856   25.20152    104.648    103.947    16.6638    34.5153 157.062243  0.000e+00
    137.875  121.80856   25.20152    104.662    103.961    16.6644    34.5155 157.062244  0.000e+00
    137.917  121.80856   25.20152    104.721    104.020    16.6647    34.5153 157.062244  0.000e+00
    137.958  121.80856   25.20152    104.772    104.070    16.6648    34.5149 157.062245  0.000e+00
    138.000  121.80856   25.20152    104.721    104.020    16.6645    34.5151 157.062245  0.000e+00
    138.042  121.80856   25.20152    104.831    104.129    16.6642    34.5152 157.062246  0.000e+00
    138.083  121.80856   25.20152    104.831    104.129    16.6640    34.5152 157.062246  0.000e+00
    138.125  121.80856   25.20152    104.882    104.179    16.6644    34.5151 157.062247  0.000e+00
    138.167  121.80856   25.20152    104.882    104.179    16.6648    34.5152 157.062247  0.000e+00
    138.208  121.80856   25.20152    104.977    104.274    16.6654    34.5148 157.062248  0.000e+00
    138.250  121.80856   25.20152    104.992    104.288    16.6655    34.5149 157.062248  0.000e+00
    138.292  121.80856   25.20152    104.933    104.230    16.6655    34.5152 157.062249  0.000e+00
    138.333  121.80856   25.20152    105.101    104.397    16.6657    34.5147 157.062249  0.000e+00
    138.375  121.80856   25.20152    105.101    104.397    16.6654    34.5152 157.062250  0.000e+00
    138.417  121.80856   25.20152    105.101    104.397    16.6654    34.5152 157.062250  0.000e+00
    138.458  121.80856   25.20152    105.153    104.448    16.6653    34.5151 157.062251  0.000e+00
    138.500  121.80856   25.20152    105.153    104.448    16.6660    34.5153 157.062251  0.000e+00
    138.542  121.80856   25.20152    105.204    104.499    16.6664    34.5149 157.062252  0.000e+00
    138.583  121.80856   25.20152    105.262    104.557    16.6666    34.5147 157.062252  0.000e+00
    138.625  121.80856   25.20152    105.248    104.543    16.6667    34.5148 157.062253  0.000e+00
    138.667  121.80856   25.20152    105.372    104.666    16.6666    34.5145 157.062253  0.000e+00
    138.708  121.80856   25.20152    105.314    104.608    16.6662    34.5145 157.062254  0.000e+00
    138.750  121.80856   25.20152    105.372    104.666    16.6662    34.5143 157.062254  0.000e+00
    138.792  121.80856   25.20152    105.423    104.717    16.6660    34.5146 157.062255  0.000e+00
    138.833  121.80856   25.20152    105.423    104.717    16.6666    34.5148 157.062255  0.000e+00
    138.875  121.80856   25.20152    105.423    104.717    16.6670    34.5149 157.062255  0.000e+00
    138.917  121.80856   25.20152    105.533    104.826    16.6672    34.5147 157.062256  0.000e+00
    138.958  121.80856   25.20152    105.533    104.826    16.6672    34.5149 157.062256  0.000e+00
    139.000  121.80856   25.20152    105.533    104.826    16.6672    34.5147 157.062257  0.000e+00
    139.042  121.80856   25.20152    105.628    104.921    16.6669    34.5148 157.062257  0.000e+00
    139.083  121.80856   25.20152    105.643    104.935    16.6669    34.5144 157.062258  0.000e+00
    139.125  121.80856   25.20152    105.643    104.935    16.6660    34.5145 157.062258  0.000e+00
    139.167  121.80856   25.20152    105.694    104.986    16.6655    34.5142 157.062259  0.000e+00
    139.208  121.80856   25.20152    105.753    105.044    16.6657    34.5144 157.062259  0.000e+00
    139.250  121.80856   25.20152    105.753    105.044    16.6648    34.5151 157.062260  0.000e+00
    139.292  121.80856   25.20152    105.804    105.095    16.6645    34.5150 157.062260  0.000e+00
    139.333  121.80856   25.20152    105.804    105.095    16.6645    34.5144 157.062261  0.000e+00
    139.375  121.80856   25.20152    105.855    105.146    16.6638    34.5148 157.062261  0.000e+00
    139.417  121.80856   25.20152    105.855    105.146    16.6635    34.5144 157.062262  0.000e+00
    139.458  121.80856   25.20152    105.965    105.255    16.6633    34.5149 157.062262  0.000e+00
    139.500  121.80856   25.20152    105.958    105.248    16.6647    34.5153 157.062263  0.000e+00
    139.542  121.80856   25.20152    105.965    105.255    16.6667    34.5154 157.062263  0.000e+00
    139.583  121.80856   25.20152    106.023    105.313    16.6682    34.5148 157.062264  0.000e+00
    139.625  121.80856   25.20152    106.075    105.364    16.6692    34.5142 157.062264  0.000e+00
    139.667  121.80856   25.20152    106.075    105.364    16.6694    34.5145 157.062265  0.000e+00
    139.708  121.80856   25.20152    106.133    105.422    16.6691    34.5145 157.062265  0.000e+00
    139.750  121.80856   25.20152    106.184    105.473    16.6691    34.5147 157.062266  0.000e+00
    139.792  121.80856   25.20152    106.184    105.473    16.6694    34.5142 157.062266  0.000e+00
    139.833  121.80856   25.20152    106.184    105.473    16.6689    34.5141 157.062267  0.000e+00
    139.875  121.80856   25.20152    106.236    105.524    16.6686    34.5142 157.062267  0.000e+00
    139.917  121.80856   25.20152    106.294    105.582    16.6684    34.5144 157.062268  0.000e+00
    139.958  121.80856   25.20152    106.294    105.582    16.6679    34.5145 157.062268  0.000e+00
