coding/cr2370/ctd/cr2370/c4-1.txt
* Sea-Bird SBE 9 Data File:
* FileName = D:\ctddata\cr2370\C4-1.hex
* Software Version Seasave V 7.20g
* Temperature SN = 6284
* Conductivity SN = 4751
* Number of Bytes Per Scan = 34
* Number of Voltage Words = 5
* Number of Scans Averaged by the Deck Unit = 1
* NMEA Latitude = 25 12.05 N
* NMEA Longitude = 121 48.52 E
* NMEA UTC (Time) = Jun 06 2019  01:27:20
** Ship: OR2
** Station: C4-1
** Operator: CR2370
** 117
** 110
# nquan = 9
# nvalues = 7687                                  
# units = specified
# name 0 = timeS: Time, Elapsed [seconds]
# name 1 = longitude: Longitude [deg]
# name 2 = latitude: Latitude [deg]
# name 3 = prDM: Pressure, Digiquartz [db]
# name 4 = depSM: Depth [salt water, m]
# name 5 = t090C: Temperature [ITS-90, deg C]
# name 6 = sal00: Salinity, Practical [PSU]
# name 7 = timeJ: Julian Days
# name 8 = flag:  0.000e+00
# span 0 =      0.000,    320.250                 
# span 1 =  121.80802,  121.80874                 
# span 2 =   25.20094,   25.20236                 
# span 3 =      1.695,    110.633                 
# span 4 =      1.684,    109.891                 
# span 5 =    16.6582,    26.4674                 
# span 6 =    34.0284,    34.5287                 
# span 7 = 157.060648, 157.064355                 
# span 8 = 0.0000e+00, 0.0000e+00                 
# interval = seconds: 0.0416667
# start_time = Jun 06 2019 01:27:20 [NMEA time, header]
# bad_flag = -9.990e-29
*END*
[from data line 1761]
     73.375  121.80864   25.20118     54.374     54.017    22.5350    34.2420 157.061497  0.000e+00
     73.417  121.80864   25.20118     54.418     54.060    22.5355    34.2404 157.061498  0.000e+00
     73.458  121.80864   25.20118     54.477     54.118    22.5297    34.2402 157.061498  0.000e+00
     73.500  121.80864   25.20118     54.418     54.060    22.5262    34.2402 157.061499  0.000e+00
     73.542  121.80864   25.20118     54.535     54.177    22.5234    34.2402 157.061499  0.000e+00
     73.583  121.80864   25.20118     54.586     54.227    22.5234    34.2402 157.061500  0.000e+00
     73.625  121.80864   25.20118     54.528     54.169    22.5264    34.2411 157.061500  0.000e+00
     73.667  121.80864   25.20118     54.638     54.278    22.5354    34.2397 157.061501  0.000e+00
     73.708  121.80864   25.20118     54.586     54.227    22.5374    34.2402 157.061501  0.000e+00
     73.750  121.80864   25.20118     54.696     54.336    22.5354    34.2373 157.061502  0.000e+00
     73.792  121.80864   25.20118     54.696     54.336    22.5226    34.2359 157.061502  0.000e+00
     73.833  121.80864   25.20118     54.798     54.438    22.5074    34.2372 157.061503  0.000e+00
     73.875  121.80864   25.20120     54.747     54.387    22.4962    34.2387 157.061503  0.000e+00
     73.917  121.80864   25.20120     54.755     54.394    22.4866    34.2401 157.061504  0.000e+00
     73.958  121.80864   25.20120     54.857     54.496    22.4807    34.2413 157.061504  0.000e+00
     74.000  121.80864   25.20120     54.908     54.547    22.4776    34.2419 157.061505  0.000e+00
     74.042  121.80864   25.20120     54.857     54.496    22.4747    34.2428 157.061505  0.000e+00
     74.083  121.80864   25.20120     54.967     54.605    22.4765    34.2428 157.061506  0.000e+00
     74.125  121.80864   25.20120     54.967     54.605    22.4794    34.2425 157.061506  0.000e+00
     74.167  121.80864   25.20120     55.018     54.656    22.4801    34.2425 157.061507  0.000e+00
     74.208  121.80864   25.20120     55.018     54.656    22.4811    34.2418 157.061507  0.000e+00
     74.250  121.80864   25.20120     55.069     54.707    22.4818    34.2412 157.061508  0.000e+00
     74.292  121.80864   25.20120     55.076     54.714    22.4806    34.2405 157.061508  0.000e+00
     74.333  121.80864   25.20120     55.179     54.816    22.4788    34.2406 157.061508  0.000e+00
     74.375  121.80864   25.20120     55.179     54.816    22.4792    34.2405 157.061509  0.000e+00
     74.417  121.80864   25.20120     55.179     54.816    22.4806    34.2408 157.061509  0.000e+00
     74.458  121.80864   25.20120     55.237     54.874    22.4811    34.2410 157.061510  0.000e+00
     74.500  121.80864   25.20120     55.237     54.874    22.4816    34.2407 157.061510  0.000e+00
     74.542  121.80864   25.20120     55.288     54.925    22.4825    34.2405 157.061511  0.000e+00
     74.583  121.80864   25.20120     55.339     54.975    22.4836    34.2402 157.061511  0.000e+00
     74.625  121.80864   25.20120     55.339     54.975    22.4848    34.2404 157.061512  0.000e+00
     74.667  121.80864   25.20120     55.449     55.084    22.4871    34.2401 157.061512  0.000e+00
     74.708  121.80864   25.20120     55.405     55.041    22.4887    34.2398 157.061513  0.000e+00
     74.750  121.80864   25.20120     55.508     55.142    22.4897    34.2394 157.061513  0.000e+00
     74.792  121.80864   25.20120     55.508     55.142    22.4913    34.2393 157.061514  0.000e+00
     74.833  121.80864   25.20120     55.508     55.142    22.4917    34.2385 157.061514  0.000e+00
     74.875  121.80864   25.20120     55.566     55.201    22.4902    34.2378 157.061515  0.000e+00
     74.917  121.80864   25.20120     55.617     55.251    22.4885    34.2377 157.061515  0.000e+00
     74.958  121.80864   25.20120     55.617     55.251    22.4869    34.2370 157.061516  0.000e+00
     75.000  121.80864   25.20120     55.668     55.302    22.4836    34.2375 157.061516  0.000e+00
     75.042  121.80864   25.20120     55.668     55.302    22.4816    34.2362 157.061517  0.000e+00
     75.083  121.80864   25.20120     55.778     55.411    22.4755    34.2365 157.061517  0.000e+00
     75.125  121.80864   25.20120     55.778     55.411    22.4723    34.2376 157.061518  0.000e+00
     75.167  121.80864   25.20120     55.778     55.411    22.4674    34.2382 157.061518  0.000e+00
     75.208  121.80864   25.20120     55.888     55.520    22.4590    34.2394 157.061519  0.000e+00
     75.250  121.80864   25.20120     55.829     55.462    22.4543    34.2428 157.061519  0.000e+00
     75.292  121.80864   25.20120     55.946     55.578    22.4589    34.2423 157.061520  0.000e+00
     75.333  121.80864   25.20120     55.888     55.520    22.4628    34.2405 157.061520  0.000e+00
     75.375  121.80864   25.20120     55.990     55.622    22.4654    34.2401 157.061521  0.000e+00
     75.417  121.80864   25.20120     56.049     55.680    22.4647    34.2397 157.061521  0.000e+00
     75.458  121.80864   25.20120     55.990     55.622    22.4592    34.2398 157.061522  0.000e+00
     75.500  121.80864   25.20120     56.107     55.738    22.4550    34.2378 157.061522  0.000e+00
     75.542  121.80864   25.20120     56.158     55.789    22.4547    34.2396 157.061522  0.000e+00
     75.583  121.80864   25.20120     56.158     55.789    22.4640    34.2369 157.061523  0.000e+00
     75.625  121.80864   25.20120     56.158     55.789    22.4590    34.2361 157.061523  0.000e+00
     75.667  121.80864   25.20120     56.210     55.840    22.4444    34.2372 157.061524  0.000e+00
     75.708  121.80864   25.20120     56.268     55.898    22.4324    34.2389 157.061524  0.000e+00
     75.750  121.80862   25.20120     56.261     55.890    22.4256    34.2404 157.061525  0.000e+00
     75.792  121.80862   25.20120     56.319     55.949    22.4191    34.2404 157.061525  0.000e+00
     75.833  121.80862   25.20120     56.319     55.949    22.4131    34.2422 157.061526  0.000e+00
     75.875  121.80862   25.20120     56.429     56.057    22.4156    34.2439 157.061526  0.000e+00
     75.917  121.80862   25.20120     56.370     55.999    22.4296    34.2442 157.061527  0.000e+00
     75.958  121.80862   25.20120     56.487     56.116    22.4444    34.2414 157.061527  0.000e+00
     76.000  121.80862   25.20120     56.429     56.057    22.4487    34.2387 157.061528  0.000e+00
     76.042  121.80862   25.20120     56.531     56.159    22.4443    34.2366 157.061528  0.000e+00
     76.083  121.80862   25.20120     56.531     56.159    22.4318    34.2399 157.061529  0.000e+00
     76.125  121.80862   25.20120     56.590     56.217    22.4415    34.2425 157.061529  0.000e+00
     76.167  121.80862   25.20120     56.648     56.275    22.4628    34.2387 157.061530  0.000e+00
     76.208  121.80862   25.20120     56.641     56.268    22.4643    34.2399 157.061530  0.000e+00
     76.250  121.80862   25.20120     56.641     56.268    22.4705    34.2392 157.061531  0.000e+00
     76.292  121.80862   25.20120     56.751     56.377    22.4801    34.2376 157.061531  0.000e+00
     76.333  121.80862   25.20120     56.751     56.377    22.4820    34.2369 157.061532  0.000e+00
     76.375  121.80862   25.20120     56.751     56.377    22.4702    34.2367 157.061532  0.000e+00
     76.417  121.80862   25.20120     56.809     56.435    22.4548    34.2368 157.061533  0.000e+00
     76.458  121.80862   25.20120     56.809     56.435    22.4474    34.2376 157.061533  0.000e+00
     76.500  121.80862   25.20120     56.860     56.486    22.4529    34.2383 157.061534  0.000e+00
     76.542  121.80862   25.20120     56.911     56.537    22.4626    34.2387 157.061534  0.000e+00
     76.583  121.80862   25.20120     56.970     56.595    22.4695    34.2374 157.061535  0.000e+00
     76.625  121.80862   25.20120     56.919     56.544    22.4753    34.2363 157.061535  0.000e+00
     76.667  121.80862   25.20120     57.021     56.646    22.4776    34.2351 157.061535  0.000e+00
     76.708  121.80862   25.20120     57.080     56.704    22.4737    34.2344 157.061536  0.000e+00
     76.750  121.80862   25.20120     57.080     56.704    22.4697    34.2349 157.061536  0.000e+00
     76.792  121.80862   25.20120     57.080     56.704    22.4725    34.2376 157.061537  0.000e+00
     76.833  121.80862   25.20120     57.131     56.755    22.4813    34.2330 157.061537  0.000e+00
     76.875  121.80862   25.20120     57.138     56.762    22.4705    34.2337 157.061538  0.000e+00
     76.917  121.80862   25.20120     57.240     56.864    22.4680    34.2378 157.061538  0.000e+00
     76.958  121.80862   25.20120     57.182     56.805    22.4781    34.2337 157.061539  0.000e+00
     77.000  121.80862   25.20120     57.350     56.972    22.4744    34.2256 157.061539  0.000e+00
     77.042  121.80862   25.20120     57.292     56.914    22.4650    34.2266 157.061540  0.000e+00
     77.083  121.80862   25.20120     57.292     56.914    22.4660    34.2321 157.061540  0.000e+00
     77.125  121.80862   25.20120     57.409     57.031    22.4714    34.2344 157.061541  0.000e+00
     77.167  121.80862   25.20120     57.401     57.023    22.4725    34.2343 157.061541  0.000e+00
     77.208  121.80862   25.20120     57.452     57.074    22.4704    34.2350 157.061542  0.000e+00
     77.250  121.80862   25.20120     57.401     57.023    22.4732    34.2347 157.061542  0.000e+00
     77.292  121.80862   25.20120     57.511     57.132    22.4760    34.2320 157.061543  0.000e+00
     77.333  121.80862   25.20120     57.562     57.183    22.4588    34.2162 157.061543  0.000e+00
     77.375  121.80862   25.20120     57.518     57.140    22.3691    34.2158 157.061544  0.000e+00
     77.417  121.80862   25.20120     57.621     57.241    22.2851    34.2265 157.061544  0.000e+00
     77.458  121.80862   25.20120     57.672     57.292    22.2469    34.2429 157.061545  0.000e+00
     77.500  121.80862   25.20120     57.621     57.241    22.2325    34.2437 157.061545  0.000e+00
     77.542  121.80862   25.20120     57.730     57.350    22.1838    34.2327 157.061546  0.000e+00
     77.583  121.80862   25.20120     57.730     57.350    22.0812    34.2439 157.061546  0.000e+00
     77.625  121.80862   25.20120     57.738     57.357    22.0199    34.2480 157.061547  0.000e+00
     77.667  121.80862   25.20120     57.781     57.401    21.9812    34.2551 157.061547  0.000e+00
     77.708  121.80862   25.20120     57.833     57.452    21.9466    34.2647 157.061548  0.000e+00
     77.750  121.80862   25.20122     57.891     57.510    21.9109    34.2643 157.061548  0.000e+00
     77.792  121.80862   25.20122     57.891     57.510    21.8513    34.2696 157.061549  0.000e+00
     77.833  121.80862   25.20122     57.942     57.561    21.8000    34.2761 157.061549  0.000e+00
     77.875  121.80862   25.20122     57.942     57.561    21.7631    34.2806 157.061549  0.000e+00
     77.917  121.80862   25.20122     58.008     57.626    21.7342    34.2855 157.061550  0.000e+00
     77.958  121.80862   25.20122     58.001     57.619    21.7187    34.2898 157.061550  0.000e+00
     78.000  121.80862   25.20122     58.103     57.721    21.7124    34.2913 157.061551  0.000e+00
     78.042  121.80862   25.20122     58.052     57.670    21.7094    34.2925 157.061551  0.000e+00
     78.083  121.80862   25.20122     58.162     57.779    21.7085    34.2925 157.061552  0.000e+00
     78.125  121.80862   25.20122     58.162     57.779    21.7070    34.2921 157.061552  0.000e+00
     78.167  121.80862   25.20122     58.169     57.786    21.7045    34.2915 157.061553  0.000e+00
     78.208  121.80862   25.20122     58.213     57.829    21.7017    34.2909 157.061553  0.000e+00
     78.250  121.80862   25.20122     58.322     57.938    21.7007    34.2906 157.061554  0.000e+00
     78.292  121.80862   25.20122     58.271     57.888    21.6998    34.2892 157.061554  0.000e+00
     78.333  121.80862   25.20122     58.322     57.938    21.6964    34.2890 157.061555  0.000e+00
     78.375  121.80862   25.20122     58.432     58.047    21.6926    34.2889 157.061555  0.000e+00
     78.417  121.80862   25.20122     58.323     57.938    21.6889    34.2894 157.061556  0.000e+00
     78.458  121.80862   25.20122     58.439     58.055    21.6866    34.2902 157.061556  0.000e+00
     78.500  121.80862   25.20122     58.483     58.098    21.6884    34.2900 157.061557  0.000e+00
     78.542  121.80862   25.20122     58.542     58.156    21.6926    34.2900 157.061557  0.000e+00
     78.583  121.80862   25.20122     58.542     58.156    21.6964    34.2899 157.061558  0.000e+00
     78.625  121.80862   25.20122     58.593     58.207    21.6980    34.2888 157.061558  0.000e+00
     78.667  121.80862   25.20122     58.542     58.156    21.6956    34.2879 157.061559  0.000e+00
     78.708  121.80862   25.20122     58.593     58.207    21.6867    34.2869 157.061559  0.000e+00
     78.750  121.80862   25.20122     58.761     58.374    21.6784    34.2866 157.061560  0.000e+00
     78.792  121.80862   25.20122     58.703     58.316    21.6682    34.2883 157.061560  0.000e+00
     78.833  121.80862   25.20122     58.754     58.367    21.6594    34.2891 157.061561  0.000e+00
     78.875  121.80862   25.20122     58.754     58.367    21.6535    34.2896 157.061561  0.000e+00
     78.917  121.80862   25.20122     58.812     58.425    21.6521    34.2893 157.061562  0.000e+00
     78.958  121.80862   25.20122     58.864     58.476    21.6473    34.2868 157.061562  0.000e+00
     79.000  121.80862   25.20122     58.864     58.476    21.6289    34.2866 157.061563  0.000e+00
     79.042  121.80862   25.20122     58.871     58.483    21.6055    34.2850 157.061563  0.000e+00
     79.083  121.80862   25.20122     59.083     58.694    21.5747    34.2888 157.061563  0.000e+00
     79.125  121.80862   25.20122     58.973     58.585    21.5500    34.2894 157.061564  0.000e+00
     79.167  121.80862   25.20122     59.024     58.636    21.5176    34.2898 157.061564  0.000e+00
     79.208  121.80862   25.20122     59.024     58.636    21.4718    34.2896 157.061565  0.000e+00
     79.250  121.80862   25.20122     59.134     58.744    21.4160    34.2917 157.061565  0.000e+00
     79.292  121.80862   25.20122     59.083     58.694    21.3664    34.2975 157.061566  0.000e+00
     79.333  121.80862   25.20122     59.244     58.853    21.3344    34.3051 157.061566  0.000e+00
     79.375  121.80862   25.20122     59.200     58.810    21.3174    34.3066 157.061567  0.000e+00
     79.417  121.80862   25.20122     59.244     58.853    21.2939    34.3064 157.061567  0.000e+00
     79.458  121.80862   25.20122     59.244     58.853    21.2629    34.3059 157.061568  0.000e+00
     79.500  121.80862   25.20122     59.353     58.962    21.2008    34.3074 157.061568  0.000e+00
     79.542  121.80862   25.20122     59.353     58.962    21.1230    34.3132 157.061569  0.000e+00
     79.583  121.80862   25.20122     59.405     59.013    21.0705    34.3191 157.061569  0.000e+00
     79.625  121.80862   25.20122     59.405     59.013    21.0386    34.3247 157.061570  0.000e+00
     79.667  121.80862   25.20122     59.463     59.071    21.0134    34.3310 157.061570  0.000e+00
     79.708  121.80862   25.20122     59.580     59.187    20.9966    34.3355 157.061571  0.000e+00
     79.750  121.80862   25.20122     59.463     59.071    20.9861    34.3350 157.061571  0.000e+00
     79.792  121.80862   25.20122     59.573     59.180    20.9683    34.3350 157.061572  0.000e+00
     79.833  121.80862   25.20122     59.624     59.231    20.9481    34.3356 157.061572  0.000e+00
     79.875  121.80862   25.20122     59.624     59.231    20.9298    34.3376 157.061573  0.000e+00
     79.917  121.80862   25.20122     59.675     59.282    20.9184    34.3392 157.061573  0.000e+00
     79.958  121.80862   25.20122     59.734     59.340    20.9126    34.3404 157.061574  0.000e+00
